1	0.502226995964670
2	0.787340753571103
3	0.654552001562406
4	0.197189443687673
5	0.598907706768013
6	0.447995578923918
7	0.795316209041576
8	0.847615050106502
9	0.837280534881882
10	0.715498831412727
11	0.662201633012382
12	0.222301230218020
13	0.580279822393852
14	0.891680162661748
15	0.664042544328049
16	0.904409875030036
17	0.283328467056467
18	0.919517713779483
19	0.597361198072636
20	0.901280897019280
21	0.674531538566908
22	0.548309743960093
23	0.723769112973715
24	0.570444638968171
25	0.201635528303628
26	0.122460545161372
27	0.244161538184667
28	0.207823542503638
29	0.993484228939212
30	0.495800352698759
31	0.192868628987037
32	0.244411076347149
33	0.165537680443822
34	0.199860105350114
35	0.875687781635873
36	0.309155761346831
37	0.433329738075635
38	0.580506480368796
39	0.222790786926546
40	0.356068341195229
41	0.645072656679366
42	0.080358829971634
43	0.168697753022296
44	0.243822575661835
45	0.345613507130133
46	0.696141196178361
47	0.539205881086748
48	0.104089627463249
49	0.575427316586680
50	0.955410069976824
51	0.414882547692305
52	0.451173323646146
53	0.966471049899994
54	0.931790734341476
55	0.636045275320219
56	0.263119866294251
57	0.480691528179453
58	0.038943316279066
59	0.425143803647009
60	0.692678319674010
61	0.142076758198312
62	0.211514533555421
63	0.135093127532260
64	0.601385000877829
65	0.994916486950552
66	0.008508434684873
67	0.496914907574431
68	0.301408192895940
69	0.033195730706582
70	0.795095066523645
71	0.917762531335495
72	0.572058644539577
73	0.461357490997417
74	0.769910830452294
75	0.770955793900412
76	0.884481328459592
77	0.440843625779821
78	0.900446842480318
79	0.942769245121782
80	0.583087442854334
81	0.579219447272185
82	0.128610386363989
83	0.431510478352041
84	0.732066141740605
85	0.679199041529568
86	0.536109761720311
87	0.650120630492651
88	0.229315695523985
89	0.064643825217631
90	0.282272922730713
91	0.455889658667231
92	0.910391786559857
93	0.120632104933358
94	0.513791352642584
95	0.402181106612920
96	0.598706383052043
97	0.007375214296003
98	0.040967375812872
99	0.220625023017005
100	0.204124825443869
101	0.937043710177859
102	0.988387054458602
103	0.496757648583974
104	0.099238709722320
105	0.016638439134525
106	0.509633400600493
107	0.253914012369946
108	0.522938110661208
109	0.704449719787798
110	0.315546732699128
111	0.816355360170329
112	0.456548987006851
113	0.693291666141930
114	0.875411669599147
115	0.296299564685609
116	0.176162711934399
117	0.952732304926658
118	0.828348803211606
119	0.982831379150258
120	0.709525125788150
121	0.494985564111827
122	0.831576457390118
123	0.408548815905490
124	0.296682890448152
125	0.593389134283100
126	0.626216200351814
127	0.210081010301166
128	0.320832686543499
129	0.795361737616582
130	0.683453120530555
131	0.157759962727366
132	0.210131236701329
133	0.525994106180168
134	0.663689676979405
135	0.565073230936629
136	0.338355336080130
137	0.958199205535891
138	0.741996396599220
139	0.212220054097908
140	0.868549259047737
141	0.890130862666098
142	0.210190757714322
143	0.984943464287311
144	0.017931029234078
145	0.707788604153764
146	0.856526472795770
147	0.529879082199926
148	0.937997582572525
149	0.036489791982042
150	0.976032335246577
151	0.188600080878286
152	0.421749197519048
153	0.078083289161375
154	0.931493597769538
155	0.493974735399252
156	0.644352658919489
157	0.511051762961747
158	0.788092244253326
159	0.197281320911313
160	0.117125312623597
161	0.125786929958859
162	0.539093243637114
163	0.930475519356003
164	0.656102880339936
165	0.952321380141858
166	0.307230295702086
167	0.366309575511615
168	0.932267891986236
169	0.197118290493171
170	0.045613425968544
171	0.268557845962624
172	0.164403028127597
173	0.979183159188158
174	0.664014580935256
175	0.795126983552915
176	0.506303863832175
177	0.555027267032539
178	0.120447386932774
179	0.084212677320048
180	0.274238964561951
181	0.714580201752122
182	0.566883781409593
183	0.327675562570112
184	0.392454598815977
185	0.986092462797247
186	0.795482738576368
187	0.513553009016142
188	0.481642316855037
189	0.605918139729887
190	0.051276813259709
191	0.355590376204490
192	0.721962877560038
193	0.900400914799603
194	0.733423825780731
195	0.334319579889394
196	0.850504249274839
197	0.946762080441249
198	0.183735108831121
199	0.324597558738618
200	0.257957891788436
201	0.518788432672876
202	0.506191269603209
203	0.314278791023147
204	0.749663253359313
205	0.077696095961262
206	0.016104549430658
207	0.452220620647980
208	0.045107843998452
209	0.912026156177419
210	0.164526725194924
211	0.380840025326693
212	0.776263947200451
213	0.358983184772036
214	0.328486983733349
215	0.790308619393302
216	0.981508943411821
217	0.983304363416000
218	0.004076748129780
219	0.244363940948673
220	0.596618475906537
221	0.319943522965234
222	0.638914880111489
223	0.040605520568682
224	0.645402449358827
225	0.691703603907431
226	0.434894792649385
227	0.853423507061108
228	0.496563877055789
229	0.844624697222213
230	0.815598869526374
231	0.499206690594926
232	0.076679659966068
233	0.310626814648593
234	0.729691098268765
235	0.628188239392800
236	0.465183482683508
237	0.122836888268523
238	0.541252427454321
239	0.425373563272218
240	0.050595165458067
241	0.754898215026559
242	0.235303165455427
243	0.476775724985573
244	0.567863738360415
245	0.305029964018216
246	0.865150929880445
247	0.090654115526869
248	0.350459800982916
249	0.191058753926735
250	0.682882560025338
251	0.122216253063255
252	0.449026883152462
253	0.412026307832297
254	0.837231975189187
255	0.094015222215326
256	0.017232265147370
257	0.756881236469646
258	0.074470670599740
259	0.333461635067113
260	0.616132287765155
261	0.373361866921319
262	0.850842279616638
263	0.844563383277365
264	0.319713108654081
265	0.915531104954027
266	0.902177927329402
267	0.068058642222111
268	0.558040711624614
269	0.044100792527440
270	0.551775037614562
271	0.555770663249885
272	0.450547031511904
273	0.715468033565625
274	0.938941887066426
275	0.927308801626779
276	0.447003997494223
277	0.039479770479795
278	0.891401371402440
279	0.397632010645369
280	0.264571489152473
281	0.795676665422910
282	0.378095545528041
283	0.592946123778299
284	0.138491218780414
285	0.987011525960089
286	0.326949955878779
287	0.521834704975740
288	0.908059141283273
289	0.327536134544923
290	0.801830104537450
291	0.803974423988040
292	0.733638021069787
293	0.662847994063289
294	0.556435012987117
295	0.358818064693569
296	0.787803676741929
297	0.824830822397994
298	0.938752818448927
299	0.110742263056982
300	0.553966256964944
301	0.636726731743271
302	0.008404026887090
303	0.399365853086207
304	0.091832095871792
305	0.410834875485331
306	0.358589106492040
307	0.032054598234024
308	0.287274111652533
309	0.463525361255031
310	0.431953432877708
311	0.426255923760238
312	0.020472223258572
313	0.001865924538168
314	0.250177641550470
315	0.528601291953829
316	0.061689045927487
317	0.211472521585947
318	0.552316866406801
319	0.996333030749117
320	0.308071983802161
321	0.258742962127035
322	0.238313703530530
323	0.503780401155978
324	0.324093230054426
325	0.082527297056656
326	0.576603207044744
327	0.184168056178992
328	0.482017114402896
329	0.977381731566447
330	0.135799745499777
331	0.481363435923404
332	0.809074191835961
333	0.327631408008557
334	0.854014652901688
335	0.222045139254639
336	0.204133634274844
337	0.198463307882410
338	0.922965437395288
339	0.957881165154706
340	0.776349518389225
341	0.972856869766117
342	0.132622522646244
343	0.589958763468683
344	0.091545657396236
345	0.346691742873647
346	0.042448155783655
347	0.881630761539067
348	0.333839673343405
349	0.478258012301915
350	0.814241670886485
351	0.025796353328176
352	0.315429054971825
353	0.192890951357456
354	0.376334995567398
355	0.913415744849090
356	0.591705006263335
357	0.214100337961709
358	0.088901118558035
359	0.084834497395693
360	0.148296865320260
361	0.985024281012837
362	0.492191678582290
363	0.728732752444943
364	0.756045978441278
365	0.854926223294924
366	0.783379110840848
367	0.906937368408265
368	0.116136121811814
369	0.482919142918379
370	0.766613237592379
371	0.451554957210188
372	0.620820814988877
373	0.551559155611099
374	0.237274860736984
375	0.247827195648812
376	0.344985519007725
377	0.133095906348547
378	0.226366188050492
379	0.523894988310668
380	0.850928304253248
381	0.729775945387847
382	0.384715395087120
383	0.610187778939626
384	0.947196477676052
385	0.464996571964544
386	0.496453123304717
387	0.809512919993651
388	0.815006368221740
389	0.258539015466140
390	0.251823373699198
391	0.355765202438924
392	0.540101864114038
393	0.793434321961151
394	0.065496152996708
395	0.052754961118614
396	0.511052443371894
397	0.023630393670382
398	0.240336055849559
399	0.582647869620388
400	0.518946702376950
401	0.758819042755967
402	0.907821769226649
403	0.435795812259714
404	0.762095807278952
405	0.958618045507308
406	0.764043379799128
407	0.822390618307924
408	0.786221160884883
409	0.603719769255072
410	0.679635996617959
411	0.498102854339485
412	0.696083373875513
413	0.997667421007428
414	0.902831527460426
415	0.211203263114840
416	0.041252712141920
417	0.127082412499349
418	0.820041972724489
419	0.286633386977772
420	0.942755368997902
421	0.307923394325001
422	0.856888829844176
423	0.291351550392127
424	0.566692783651041
425	0.713793218912636
426	0.535892325210924
427	0.507747901171193
428	0.716923264391170
429	0.400759470366543
430	0.751888706229714
431	0.916115170097663
432	0.488927551222927
433	0.785278788788563
434	0.045980078408232
435	0.766017612293362
436	0.610613468804919
437	0.600977599820724
438	0.759575295176688
439	0.620400654627001
440	0.951449011348091
441	0.270035754065773
442	0.308676894626470
443	0.038472433824342
444	0.200175719782789
445	0.760890502408590
446	0.417597118618323
447	0.848973812902459
448	0.551615669197317
449	0.878335253822069
450	0.046000907850542
451	0.609464413238562
452	0.562063441625623
453	0.866292589890698
454	0.704925338036701
455	0.506580373713744
456	0.348456968268181
457	0.486938306306460
458	0.101324106643904
459	0.697783865491803
460	0.288734605071235
461	0.104863033967887
462	0.686493211352643
463	0.061717800782803
464	0.523812421536902
465	0.952553623406107
466	0.906951134387778
467	0.702820650280631
468	0.632267256744953
469	0.746799732031416
470	0.174231905829309
471	0.124365391771260
472	0.668319196591350
473	0.897551504619100
474	0.651022272526721
475	0.072710368533373
476	0.074052243304201
477	0.227220551641657
478	0.478655988385971
479	0.806129002834631
480	0.226726945127214
481	0.583763834532476
482	0.362762003162969
483	0.051521048904641
484	0.779597318180701
485	0.896366648146323
486	0.549707985413519
487	0.796420668828663
488	0.709957175746409
489	0.684231530456443
490	0.068229663056135
491	0.088900419118642
492	0.903925990030065
493	0.637196691564538
494	0.988559065199362
495	0.407428089190283
496	0.020615017649489
497	0.013000870955363
498	0.381446025631385
499	0.501897567888781
500	0.915309018617829
501	0.440135241955592
502	0.665509530437209
503	0.100939273000682
504	0.615283446492542
505	0.855327034823384
506	0.179377687809283
507	0.253911305721569
508	0.783446968837338
509	0.328984746753754
510	0.306783667597088
511	0.037141790091435
512	0.437760089179719
513	0.645757208114603
514	0.841156904749194
515	0.394986989432777
516	0.616816750570450
517	0.822489739092742
518	0.566924115689889
519	0.296811933281267
520	0.843214397463725
521	0.234412705508189
522	0.872150779651038
523	0.028889013246700
524	0.415297554698872
525	0.913066695531208
526	0.391814001478556
527	0.558690386047133
528	0.410907442057160
529	0.330142165710053
530	0.888992525974146
531	0.553228322989214
532	0.561400488670153
533	0.708493447476363
534	0.971098916871416
535	0.530692510644911
536	0.121016848145339
537	0.639015294649072
538	0.138352449974917
539	0.942611309289974
540	0.810545470417036
541	0.009845798232299
542	0.947729246997682
543	0.162944680676067
544	0.327607574100265
545	0.246596194176657
546	0.819570143322204
547	0.784435807391166
548	0.662991174131356
549	0.842049711765337
550	0.028853590036202
551	0.529530011092189
552	0.870249003307493
553	0.934507202704758
554	0.418255471597368
555	0.948720276763078
556	0.507412278289092
557	0.183139803977735
558	0.469607679268057
559	0.140591597652848
560	0.294087745512598
561	0.860441586814729
562	0.805001413568210
563	0.844527042795880
564	0.792184318841833
565	0.847086213315802
566	0.868070671104366
567	0.395350161262608
568	0.101050189327539
569	0.745283908254444
570	0.285497108670583
571	0.032282748647179
572	0.194393885449934
573	0.357011049855874
574	0.756016928153060
575	0.297789552167746
576	0.386554314875676
577	0.711288223114227
578	0.212894966587952
579	0.790381897406133
580	0.254094877004471
581	0.276509424877496
582	0.075886709702064
583	0.000839390532582
584	0.984079291526495
585	0.233465549227170
586	0.683639224721357
587	0.865401333339212
588	0.151760350815323
589	0.871486459518957
590	0.394829393513297
591	0.375512717763327
592	0.309013789827446
593	0.685186058310343
594	0.850041914652226
595	0.798634424339233
596	0.889616639915475
597	0.945737945874757
598	0.548325824017022
599	0.524257160482677
600	0.967330619891030
601	0.096191314214624
602	0.110638949665357
603	0.490185236652507
604	0.780281306452853
605	0.117939636428055
606	0.982025822088728
607	0.427151290511361
608	0.755483209284925
609	0.271333327443069
610	0.030680043702997
611	0.383894685378306
612	0.519264583764172
613	0.189360588106094
614	0.036021191005575
615	0.126752644148678
616	0.185624240734155
617	0.125922622839491
618	0.737304236135393
619	0.932975210244020
620	0.505137895029846
621	0.319705232412856
622	0.564017939242152
623	0.339572306838330
624	0.286376283566756
625	0.667941966539989
626	0.167325462037982
627	0.846853411509074
628	0.529286370521065
629	0.500393620760496
630	0.428836422129627
631	0.770383758003361
632	0.534417495403384
633	0.507463219644144
634	0.925256000891475
635	0.228924284488989
636	0.797920084884083
637	0.705921014776997
638	0.307805863332011
639	0.006998637827373
640	0.274692985321708
641	0.973018515483891
642	0.934884821606241
643	0.072531954299807
644	0.528774590241432
645	0.366075955390897
646	0.642263854449696
647	0.252897040253274
648	0.362815513958329
649	0.634625757765973
650	0.043832110257873
651	0.444592189642049
652	0.814505340627748
653	0.545890035169398
654	0.463999506566314
655	0.584571461780459
656	0.304363153893181
657	0.674653301265849
658	0.737017822031499
659	0.654205011905166
660	0.297899797889911
661	0.009330069231829
662	0.359537403728687
663	0.664047486817766
664	0.028200563717052
665	0.057719836218933
666	0.109805288751701
667	0.071078504888923
668	0.665768619536563
669	0.317717516641779
670	0.938953043300670
671	0.852868857110772
672	0.732186389317391
673	0.004129242352706
674	0.887934428233589
675	0.206721307188427
676	0.851908632787071
677	0.139286124209363
678	0.230116077579088
679	0.623855190241602
680	0.689854957747241
681	0.587153292167601
682	0.843117864742986
683	0.985623757026914
684	0.317907538271302
685	0.535975855069993
686	0.134043962729578
687	0.321353566358461
688	0.749406094074062
689	0.502616281736389
690	0.112882427651377
691	0.394072799102340
692	0.562822745814278
693	0.480512746802843
694	0.943140043936062
695	0.261615318502857
696	0.250898309486160
697	0.272420436044201
698	0.404455732443443
699	0.602468786088133
700	0.125472675787239
701	0.940938208003667
702	0.802948064580153
703	0.030462141702217
704	0.778787205450195
705	0.770138430064265
706	0.972948433165438
707	0.821365121854687
708	0.958735369694726
709	0.884578341756153
710	0.748224417360557
711	0.258170265156322
712	0.568585687746313
713	0.387977340655012
714	0.298229696806417
715	0.963477599092586
716	0.435691060642178
717	0.568526619828058
718	0.991482069531329
719	0.963595599381454
720	0.348411590404777
721	0.371814840928297
722	0.033687619937892
723	0.051494656353322
724	0.565491586495662
725	0.185151939865311
726	0.043060964084941
727	0.178399112354316
728	0.633253562158696
729	0.853601472069837
730	0.982124321260313
731	0.395500167813573
732	0.189679645170500
733	0.804437070867447
734	0.131053635631868
735	0.516127453016226
736	0.632872509524806
737	0.160558040876995
738	0.387272438055102
739	0.853900486238529
740	0.058844613425717
741	0.646031272047181
742	0.861169596233852
743	0.157622788232413
744	0.367883043033645
745	0.171734180693423
746	0.567422939320262
747	0.113340677432406
748	0.023333493024726
749	0.603989570237469
750	0.461319850094848
751	0.876355488300395
752	0.751400720237594
753	0.833898475838446
754	0.811707820350645
755	0.171960502179363
756	0.161649350104877
757	0.521772688549782
758	0.188272361792465
759	0.923718215806080
760	0.613121015846341
761	0.231444916586390
762	0.144198312055293
763	0.985050305164150
764	0.428817232002884
765	0.383393041695138
766	0.360376619463725
767	0.392275840378638
768	0.434807363801298
769	0.091952365966396
770	0.504973574529094
771	0.962382817247031
772	0.262335532297106
773	0.097021964054696
774	0.195372888149136
775	0.852256909796925
776	0.077928164167408
777	0.870397268054794
778	0.945904842630822
779	0.280138115271741
780	0.190374297129635
781	0.918576178472277
782	0.070927851902337
783	0.012520541862917
784	0.140594815265795
785	0.482688960829100
786	0.919036578419798
787	0.524661086659261
788	0.219401104322780
789	0.036014879571463
790	0.989176497228349
791	0.763756638417045
792	0.348479473655213
793	0.846135846433920
794	0.036357579828830
795	0.596876107227879
796	0.156988708432619
797	0.942885603758219
798	0.336231127660390
799	0.792970670466630
800	0.321796305327839
801	0.785544638219875
802	0.388712546047612
803	0.289728098236806
804	0.181185023967243
805	0.420856587068617
806	0.559279835608243
807	0.011167266620382
808	0.616927841710419
809	0.860853710601288
810	0.215946601300171
811	0.443958536472660
812	0.850481374269440
813	0.888910311293546
814	0.949266232171126
815	0.305837648518263
816	0.545537294131001
817	0.842011214296479
818	0.993665734456708
819	0.044649768979916
820	0.645895238514693
821	0.168222948531909
822	0.136364538411409
823	0.841784988818247
824	0.234504110037399
825	0.423792734125517
826	0.121950520071190
827	0.540187971414872
828	0.978608575635647
829	0.004204989580261
830	0.980194482063046
831	0.868626329308216
832	0.331092570808692
833	0.598098613315322
834	0.783756664319805
835	0.848417378455206
836	0.555969010721618
837	0.486950276509208
838	0.538888706049394
839	0.074754089724445
840	0.866917775815134
841	0.570531636318551
842	0.837590747947539
843	0.469337839157386
844	0.517532405455854
845	0.377998587011661
846	0.631129614203371
847	0.600334698146099
848	0.930296285829308
849	0.113436088225001
850	0.952839342989881
851	0.897654374619259
852	0.114958682033257
853	0.883346302145879
854	0.551049293615726
855	0.072646450509994
856	0.834744610185605
857	0.667039508460154
858	0.313992126284128
859	0.398967164162842
860	0.896932686072449
861	0.159897690843012
862	0.718370970287744
863	0.753372281336954
864	0.967144423426190
865	0.754237142318305
866	0.313448384498095
867	0.433136401375658
868	0.980776182738533
869	0.764598123278365
870	0.082341553621992
871	0.283344301100847
872	0.924215902607374
873	0.747148556229385
874	0.753687000470111
875	0.815999684043316
876	0.066030300560954
877	0.589528226276600
878	0.900880595568290
879	0.986437782203067
880	0.853873200297939
881	0.896810768895845
882	0.338967191123443
883	0.127143980466033
884	0.476154598393959
885	0.072322532457114
886	0.904218804469061
887	0.568084121782431
888	0.820890762841367
889	0.921940449506613
890	0.700284258048537
891	0.484096641883737
892	0.572971806407090
893	0.868892308967794
894	0.875726770399144
895	0.667324989264633
896	0.182891000460375
897	0.056282912352334
898	0.215422316795849
899	0.378670281535719
900	0.698438822174995
901	0.909524157486062
902	0.209738687420259
903	0.602165666151155
904	0.830170765769817
905	0.756042342483277
906	0.641333804635384
907	0.395008340196243
908	0.904312334357612
909	0.216522358368501
910	0.660286266831577
911	0.088827958367724
912	0.292101947757807
913	0.297775268258705
914	0.286601513939945
915	0.991282380201502
916	0.808315100233715
917	0.833428524854989
918	0.592999262418302
919	0.128588050707362
920	0.345533864685288
921	0.158751754420754
922	0.666145176932513
923	0.479917942597045
924	0.380057056655098
925	0.804676841046623
926	0.068507752105177
927	0.993898444673954
928	0.833233997958930
929	0.821086016882256
930	0.130338408816433
931	0.695444213004452
932	0.888734996050385
933	0.164193022206869
934	0.561792860456235
935	0.654700766858283
936	0.727218535384445
937	0.821768599854818
938	0.882036554023723
939	0.747336253337395
940	0.034857436880991
941	0.868445386696268
942	0.123854719487928
943	0.343957713227021
944	0.398412113917453
945	0.465365701635213
946	0.914295223022701
947	0.889349849139986
948	0.505451420799451
949	0.241031569637145
950	0.173348233620524
951	0.606117913554178
952	0.761342677549981
953	0.289927763824418
954	0.121958494972083
955	0.524276951405046
956	0.988062320183826
957	0.951515830121783
958	0.052275788760356
959	0.663246096312696
960	0.688538065556384
961	0.982570607058429
962	0.245332490153570
963	0.298413705729149
964	0.915309753917377
965	0.798709139373188
966	0.158439146413575
967	0.284336655795045
968	0.548991854063632
969	0.224467367777814
970	0.175870628095752
971	0.256893549877163
972	0.481102756206268
973	0.498610369313255
974	0.936596114661552
975	0.539934091005675
976	0.925851097469927
977	0.038279649726622
978	0.335599310955981
979	0.376350663405325
980	0.258122324700701
981	0.139555744506490
982	0.632143981591415
983	0.192275956797445
984	0.555577486875534
985	0.981874060637458
986	0.502502623906678
987	0.562151058150382
988	0.844875337906376
989	0.920427904082746
990	0.662388469966458
991	0.412533119843902
992	0.978403021628038
993	0.411933682382813
994	0.132713905724909
995	0.883518596960327
996	0.366495665667221
997	0.782424029848541
998	0.803591700457493
999	0.074736470015329
1000	0.569765523185854
1001	0.017496379301471
1002	0.431322002058927
1003	0.891220848761127
1004	0.639447019754119
1005	0.632555473813973
1006	0.984794247840985
1007	0.478909484971795
1008	0.475120372490788
1009	0.817124001581155
1010	0.592232377660818
1011	0.412892688950808
1012	0.086222937104464
1013	0.282107673906337
1014	0.262586142430570
1015	0.098144930952078
1016	0.017580161942487
1017	0.299611418851847
1018	0.694289845397380
1019	0.471816637550209
1020	0.202014127466235
1021	0.969443525883599
1022	0.457677520594133
1023	0.006907458576234
1024	0.533661095974916
1025	0.247567469339160
1026	0.957463488623827
1027	0.450540266812634
1028	0.300366769127816
1029	0.501645119490691
1030	0.615618626540731
1031	0.594907755392046
1032	0.702428578407699
1033	0.314767511161640
1034	0.298148856777724
1035	0.233923320667113
1036	0.357988884744718
1037	0.460595640611239
1038	0.740849509136409
1039	0.274291109761770
1040	0.861035888459353
1041	0.325617660397410
1042	0.761788188289647
1043	0.237214598562618
1044	0.335199184666971
1045	0.804559558275832
1046	0.331852524885706
1047	0.590843641741915
1048	0.358273840621794
1049	0.223769331415203
1050	0.014914913519382
1051	0.123084649330150
1052	0.762036906665602
1053	0.128956669484912
1054	0.062720471212553
1055	0.527010064150964
1056	0.097631076948323
1057	0.262166969072388
1058	0.467269504743331
1059	0.647732465432126
1060	0.446837572619846
1061	0.902240495656691
1062	0.670682713602774
1063	0.797489331890837
1064	0.668571418067117
1065	0.276543806329564
1066	0.756225704947073
1067	0.347705067421718
1068	0.015654000421838
1069	0.455417192626179
1070	0.098099874354842
1071	0.925274086136686
1072	0.903667023272168
1073	0.584323321527510
1074	0.325715588497592
1075	0.072022745791754
1076	0.475323794259758
1077	0.700618077876148
1078	0.388339229297324
1079	0.849596368311294
1080	0.861078111378539
1081	0.178557707565908
1082	0.593516347501240
1083	0.128157442268807
1084	0.330399248301172
1085	0.018053672924824
1086	0.936208920387877
1087	0.729939578935042
1088	0.041791456692702
1089	0.910521275327413
1090	0.950998708300527
1091	0.263051485208397
1092	0.405772401448938
1093	0.491909351794213
1094	0.747886513408969
1095	0.109460182650171
1096	0.890360086713652
1097	0.713009238670573
1098	0.682090663757716
1099	0.016378261645670
1100	0.162121083198815
1101	0.724080259427749
1102	0.288079974845978
1103	0.484878185439141
1104	0.371910116277475
1105	0.470060356252198
1106	0.702029279996032
1107	0.693128208441788
1108	0.191895061832606
1109	0.445695490090711
1110	0.354802684407005
1111	0.256879306216913
1112	0.664283331037014
1113	0.030238629321991
1114	0.104855270226402
1115	0.659378481933445
1116	0.190422552091133
1117	0.154461363674075
1118	0.461836420777351
1119	0.613752847599569
1120	0.900795035089639
1121	0.480050541619693
1122	0.733552744034086
1123	0.586836622788821
1124	0.268435979806873
1125	0.381224737687375
1126	0.603776074325157
1127	0.583796305528541
1128	0.745519609162743
1129	0.933385284423288
1130	0.926275529863463
1131	0.292532134567241
1132	0.161526878202201
1133	0.347046918500470
1134	0.823147748816109
1135	0.717583904862451
1136	0.033357620737806
1137	0.081226321742492
1138	0.740294189936771
1139	0.834270675300326
1140	0.338699319708856
1141	0.182044153400810
1142	0.267222610244617
1143	0.833690331293675
1144	0.508534602269795
1145	0.322467019521110
1146	0.336036269500583
1147	0.976629875501959
1148	0.564668215301937
1149	0.332515047997622
1150	0.410509196817519
1151	0.589370834488287
1152	0.484337645015950
1153	0.610815972535576
1154	0.494827737473318
1155	0.552096165183921
1156	0.945012937533256
1157	0.409618709956333
1158	0.961397126801307
1159	0.541116708072425
1160	0.653761021682447
1161	0.797690228655620
1162	0.375456112631289
1163	0.569759539858410
1164	0.331620701058947
1165	0.341521146004632
1166	0.810950501959840
1167	0.324600947150012
1168	0.000549642647644
1169	0.667827047782774
1170	0.224899269558586
1171	0.201152858020479
1172	0.221019619755044
1173	0.597670014355423
1174	0.026287743319644
1175	0.265245455531106
1176	0.561297691884544
1177	0.771396125601586
1178	0.580995774659458
1179	0.495311361622623
1180	0.215749623522813
1181	0.464267984304601
1182	0.829754512873257
1183	0.799396848885991
1184	0.517281644320134
1185	0.035604817357489
1186	0.032030293903817
1187	0.485257428076285
1188	0.698813423710947
1189	0.964442197913284
1190	0.774191491922724
1191	0.033852420717964
1192	0.103765928912946
1193	0.018853946889282
1194	0.984930311902049
1195	0.956453339783244
1196	0.837074191685503
1197	0.566266567520987
1198	0.419671503670840
1199	0.351770493860184
1200	0.994125386873710
1201	0.777088315719640
1202	0.665383898263248
1203	0.200800946725842
1204	0.273711601977994
1205	0.122136030183695
1206	0.699244423166696
1207	0.995208836140761
1208	0.138972811276508
1209	0.449154229048479
1210	0.980604920417448
1211	0.147200976358766
1212	0.619801782846814
1213	0.082629787840311
1214	0.520627577228054
1215	0.141926622796092
1216	0.916868081077562
1217	0.150175378548458
1218	0.176338321889357
1219	0.911747232318882
1220	0.595980562094770
1221	0.351825980887609
1222	0.776806040764766
1223	0.478316275354662
1224	0.983554473307971
1225	0.722065526541920
1226	0.771875915797750
1227	0.687219661651759
1228	0.408486770382731
1229	0.744475290035494
1230	0.577386546400116
1231	0.797665036188992
1232	0.790309057462805
1233	0.616807504808237
1234	0.074585756019505
1235	0.482625661069971
1236	0.456981664500058
1237	0.465226284508595
1238	0.493731783918551
1239	0.735055847929914
1240	0.812106925160691
1241	0.524862122282212
1242	0.949151259845201
1243	0.428793009996520
1244	0.291779010847534
1245	0.545989206235398
1246	0.104161331022439
1247	0.335005600704093
1248	0.691426230272589
1249	0.092326285348970
1250	0.859960037081350
1251	0.433322020148120
1252	0.611576131707123
1253	0.768850243422059
1254	0.442854629135980
1255	0.731453641478244
1256	0.212156568658974
1257	0.869262175657907
1258	0.101367040983950
1259	0.823907033556995
1260	0.977011405873786
1261	0.927409208725206
1262	0.210499627426803
1263	0.455006994603134
1264	0.620131776723923
1265	0.202946293303996
1266	0.215019390559385
1267	0.879515698943334
1268	0.951220672979449
1269	0.138553148332120
1270	0.706790921377904
1271	0.114312648452425
1272	0.501809478239161
1273	0.946124523579930
1274	0.026146465856399
1275	0.861757183920519
1276	0.927763940414929
1277	0.623256807425849
1278	0.672298870220551
1279	0.200188546002380
1280	0.958921750908413
1281	0.863388505171354
1282	0.777075986910977
1283	0.016753641780379
1284	0.929417770594732
1285	0.716201507841260
1286	0.041273592392280
1287	0.793518308121760
1288	0.775659702474671
1289	0.205540431857260
1290	0.299431394715113
1291	0.729956506261429
1292	0.393259838913417
1293	0.123330405909599
1294	0.352309756430772
1295	0.953006384310637
1296	0.961312937090726
1297	0.027364262923163
1298	0.070523508950694
1299	0.040340424681528
1300	0.647973715340388
1301	0.719388719513650
1302	0.924411165111493
1303	0.727679296272369
1304	0.016372273850546
1305	0.107200734484763
1306	0.632097104538136
1307	0.782337512215760
1308	0.645357879688002
1309	0.359871030429746
1310	0.852624177840331
1311	0.950370393328444
1312	0.641694478657330
1313	0.630090379742934
1314	0.060748778107250
1315	0.877597461906022
1316	0.636176129128277
1317	0.198512550098782
1318	0.481008285127885
1319	0.298516276810084
1320	0.812377668450160
1321	0.417480181097045
1322	0.643882097026582
1323	0.321602044877441
1324	0.985428064274774
1325	0.237338668758017
1326	0.098246233919668
1327	0.171216575746106
1328	0.363871863010822
1329	0.407493513300131
1330	0.312055759390299
1331	0.371773162207337
1332	0.048824284177402
1333	0.885181912604354
1334	0.355943080203809
1335	0.349199164332614
1336	0.332360886935368
1337	0.866011805846981
1338	0.718940462600451
1339	0.218922775514917
1340	0.951660144484696
1341	0.132255780782714
1342	0.323328376374667
1343	0.010156790547278
1344	0.520214819164274
1345	0.537573583789479
1346	0.084106158844425
1347	0.692114944321477
1348	0.563427418504936
1349	0.506118829517568
1350	0.153701419035348
1351	0.565078496745121
1352	0.814808639688053
1353	0.090924319862186
1354	0.539465907717351
1355	0.295871395250876
1356	0.765497448335868
1357	0.135444649926090
1358	0.641241801990914
1359	0.932200626968717
1360	0.517856987814689
1361	0.408437329957265
1362	0.819180112649282
1363	0.009636048980955
1364	0.585119113308141
1365	0.044172420923680
1366	0.540813843862070
1367	0.373698486697902
1368	0.504026101811364
1369	0.450923517337068
1370	0.987143776228589
1371	0.238684933935599
1372	0.980664532836300
1373	0.348297570264199
1374	0.224234500029546
1375	0.855988193430872
1376	0.203169605741476
1377	0.985658519915174
1378	0.135825313036246
1379	0.961898590215278
1380	0.884414129840987
1381	0.620886539195683
1382	0.683825023895504
1383	0.052890444092042
1384	0.464755667946827
1385	0.702515145558198
1386	0.270342615115848
1387	0.000231715831530
1388	0.496386144294973
1389	0.398594322975221
1390	0.037172605860620
1391	0.509243425752873
1392	0.598557037870472
1393	0.014648359295473
1394	0.323660401056363
1395	0.460619168957583
1396	0.372540884396982
1397	0.296674415804280
1398	0.028463221060272
1399	0.181058456106038
1400	0.377324464409528
1401	0.143618555611920
1402	0.047571667563836
1403	0.618818258996297
1404	0.986534924537312
1405	0.728756532635102
1406	0.774353216791210
1407	0.904741264303901
1408	0.866036027979982
1409	0.493989594466101
1410	0.603836626422525
1411	0.235533069735677
1412	0.602558980093188
1413	0.363789014631342
1414	0.596095691855661
1415	0.035156008660559
1416	0.212495117958602
1417	0.141617099392345
1418	0.260720010134917
1419	0.625362338979165
1420	0.747727477350685
1421	0.532654999216095
1422	0.769087604445769
1423	0.361151281208991
1424	0.578241575001781
1425	0.429848526698886
1426	0.861286518494713
1427	0.272181081983351
1428	0.045963564232215
1429	0.248440498342765
1430	0.625914255801189
1431	0.162025345106491
1432	0.603078705929881
1433	0.449860588075668
1434	0.487893884452437
1435	0.848860485746275
1436	0.692533703298515
1437	0.780899973078909
1438	0.939771082593104
1439	0.255114365598210
1440	0.535597283869828
1441	0.111384156882045
1442	0.363207605242604
1443	0.619535429886853
1444	0.246194025821876
1445	0.234015766711676
1446	0.271834590442509
1447	0.437495720722939
1448	0.214384684194992
1449	0.365270044435024
1450	0.976650167430278
1451	0.004908621226570
1452	0.777230030646951
1453	0.192941757896557
1454	0.332199140082416
1455	0.598923268033564
1456	0.431945762449825
1457	0.074686599323449
1458	0.101954015275492
1459	0.788636560774918
1460	0.920503329779384
1461	0.802119407596344
1462	0.935146876319237
1463	0.787594795559305
1464	0.382281369409297
1465	0.710078295166368
1466	0.783633586339189
1467	0.166144806030640
1468	0.605427205257668
1469	0.571070023632720
1470	0.788642910007253
1471	0.040381258472986
1472	0.009801382113414
1473	0.343574468429724
1474	0.274936613779224
1475	0.733501824511615
1476	0.977181057671909
1477	0.649296863145622
1478	0.210655294509307
1479	0.104970154366681
1480	0.234581536296018
1481	0.962529377716914
1482	0.841636827370158
1483	0.045255724412411
1484	0.149362480260804
1485	0.759966919765726
1486	0.946300947734253
1487	0.397174890267903
1488	0.174268141151652
1489	0.435008363403155
1490	0.584588123559187
1491	0.497499718114810
1492	0.301551476718360
1493	0.854463318660347
1494	0.563108394873446
1495	0.457110130378581
1496	0.293510800517338
1497	0.904313702371977
1498	0.207250980086797
1499	0.500920538606240
1500	0.255326239173750
1501	0.278139711553430
1502	0.781299079604678
1503	0.463706272406052
1504	0.056860197143519
1505	0.255107987333028
1506	0.551088216085215
1507	0.921809071390937
1508	0.949147412590121
1509	0.755585821433588
1510	0.266687286921558
1511	0.939251880797852
1512	0.407864650394432
1513	0.433372788640214
1514	0.261240658891274
1515	0.605654274452667
1516	0.235055601684688
1517	0.293064550857366
1518	0.655974333137135
1519	0.630744444722165
1520	0.791194213877948
1521	0.261510819135787
1522	0.308542956924976
1523	0.504238143737645
1524	0.489510311861480
1525	0.759129256395101
1526	0.204080997877485
1527	0.889979972543412
1528	0.584073973714107
1529	0.366193630512399
1530	0.968825798136311
1531	0.492603348612112
1532	0.426647261231068
1533	0.640267622940010
1534	0.691706850401800
1535	0.315321290451033
1536	0.360645442098729
1537	0.133803778138463
1538	0.521523538074327
1539	0.835131858727213
1540	0.437701758782181
1541	0.170351411791426
1542	0.051830319567347
1543	0.110619850149395
1544	0.610273261725917
1545	0.477115721012516
1546	0.186901995846528
1547	0.007081297047939
1548	0.085040103550201
1549	0.892788633889891
1550	0.379430687869149
1551	0.644057657014012
1552	0.091217210505469
1553	0.148856955112596
1554	0.199304563544922
1555	0.798694727466506
1556	0.976613898123120
1557	0.173427597988769
1558	0.747222710862104
1559	0.093570821886293
1560	0.418019040150075
1561	0.243338880105384
1562	0.503227352565223
1563	0.411380749764690
1564	0.581340967841246
1565	0.728255191946049
1566	0.435431213381426
1567	0.862248915940686
1568	0.388315508526822
1569	0.680896196967142
1570	0.480270183364158
1571	0.374637306865186
1572	0.077944955515947
1573	0.850471059905801
1574	0.984298291398417
1575	0.031908089182032
1576	0.628111375246031
1577	0.738316201738963
1578	0.309574121904177
1579	0.660585275444096
1580	0.094999608663997
1581	0.658595017964673
1582	0.105773304347576
1583	0.671639779319079
1584	0.790913958930245
1585	0.109726487677162
1586	0.519017697802132
1587	0.255630892301509
1588	0.229352725814689
1589	0.787230113927991
1590	0.756467323358373
1591	0.791989750926971
1592	0.598526486050322
1593	0.950725126660130
1594	0.721788106724891
1595	0.771252754967614
1596	0.708200494422485
1597	0.916916831303448
1598	0.650310712195025
1599	0.140030034874146
1600	0.799055653867455
1601	0.631100600064007
1602	0.825902953681958
1603	0.496580808971796
1604	0.221995266937358
1605	0.312555076829008
1606	0.145027953077317
1607	0.861688633242599
1608	0.049642288665442
1609	0.330220125636681
1610	0.655430533062374
1611	0.224151191766104
1612	0.662928761248837
1613	0.232642013161997
1614	0.248625810937598
1615	0.232106925214102
1616	0.353323488919101
1617	0.265157303533229
1618	0.503585424139927
1619	0.091786075864766
1620	0.418478585986846
1621	0.086434035778408
1622	0.724671128467778
1623	0.822200086363123
1624	0.597005128944114
1625	0.029137162077177
1626	0.635827289947608
1627	0.611376303872915
1628	0.713289408025578
1629	0.663634455967073
1630	0.307885455537007
1631	0.012556147054171
1632	0.189806094878677
1633	0.890688647545590
1634	0.148720106889187
1635	0.369257562485733
1636	0.520608200882110
1637	0.181423217887807
1638	0.104763420641931
1639	0.297027000746703
1640	0.882936227184452
1641	0.254222812200633
1642	0.174216262426627
1643	0.492396315748681
1644	0.476835975426154
1645	0.033821925132043
1646	0.291970461402196
1647	0.550090199322478
1648	0.747877549089019
1649	0.299366395809205
1650	0.315664269041043
1651	0.595477022729467
1652	0.715693598064547
1653	0.475518051751257
1654	0.630742149600199
1655	0.938482702525379
1656	0.583489922638878
1657	0.145542453188867
1658	0.483551722221363
1659	0.337370523961475
1660	0.939754999480924
1661	0.767552421027031
1662	0.677798102935754
1663	0.588711425744600
1664	0.787709323979822
1665	0.605386090260470
1666	0.361273468166738
1667	0.555059873511346
1668	0.666322526226269
1669	0.601045731474285
1670	0.469052186703311
1671	0.538731190001372
1672	0.451095082980929
1673	0.279892326429979
1674	0.684034936637565
1675	0.605827545925648
1676	0.500325360636433
1677	0.574422644560967
1678	0.941528556916339
1679	0.891862269019117
1680	0.826966560865958
1681	0.436141603723033
1682	0.444110775791509
1683	0.266987008892400
1684	0.565138598696620
1685	0.087860997142249
1686	0.473331821716424
1687	0.874561623299892
1688	0.594540238098134
1689	0.789223119933964
1690	0.360733045509144
1691	0.264993065959293
1692	0.390896406612362
1693	0.029255072905359
1694	0.140505375528106
1695	0.084227674312797
1696	0.281455587924216
1697	0.453520152883092
1698	0.908382222706479
1699	0.156298614165223
1700	0.541720463318966
1701	0.844470882006462
1702	0.973741006468005
1703	0.869516754576674
1704	0.090226804641325
1705	0.005021983384752
1706	0.314563474081797
1707	0.689258686040815
1708	0.114570974856812
1709	0.140085730590008
1710	0.923371032688421
1711	0.105751919127003
1712	0.391747949643246
1713	0.470252870146800
1714	0.981996432263263
1715	0.291441888927514
1716	0.579789534636182
1717	0.348647296559684
1718	0.552168911619783
1719	0.419359303160733
1720	0.758501055950585
1721	0.151732178755662
1722	0.896840255423379
1723	0.036726361639986
1724	0.712948813007737
1725	0.567775594405855
1726	0.434387522581885
1727	0.541953869057284
1728	0.765903212630325
1729	0.013060730588403
1730	0.758849810108299
1731	0.742881616917338
1732	0.522194167088638
1733	0.795333494634812
1734	0.656280546618624
1735	0.821229628188740
1736	0.605249069832317
1737	0.287764344231623
1738	0.559914082385796
1739	0.237635813654072
1740	0.247318198849958
1741	0.245195892718555
1742	0.926171495322065
1743	0.456818244804027
1744	0.091282594831668
1745	0.143254848848670
1746	0.678855961257919
1747	0.138245403989335
1748	0.225001048480417
1749	0.060467735061111
1750	0.141181370341284
1751	0.545408309148397
1752	0.048550366172921
1753	0.821809199257183
1754	0.434225003037728
1755	0.967104037082280
1756	0.117910541121897
1757	0.086890272787651
1758	0.866672613694705
1759	0.487065379440381
1760	0.765483170775722
1761	0.309894037891948
1762	0.427108056007609
1763	0.781971661591148
1764	0.745229462007154
1765	0.611175634950192
1766	0.185005644693001
1767	0.963933294375834
1768	0.371868281429714
1769	0.681235543541755
1770	0.239160373173653
1771	0.975417194668631
1772	0.035181423421874
1773	0.884942266736578
1774	0.911220122546085
1775	0.419482543460920
1776	0.373638137350814
1777	0.891333092214477
1778	0.793346492622822
1779	0.187243281769487
1780	0.748523921359551
1781	0.907213765978290
1782	0.103702170069859
1783	0.809134341842493
1784	0.320138196721127
1785	0.035265909831883
1786	0.236297592503354
1787	0.615251019880822
1788	0.419537222909368
1789	0.352561997540244
1790	0.008592284084200
1791	0.231213110556461
1792	0.393744504377027
1793	0.942629041069654
1794	0.484836828978909
1795	0.045581408053635
1796	0.785325091081474
1797	0.133916805913926
1798	0.146522742811999
1799	0.148261485033079
1800	0.431921225667628
1801	0.781507196280425
1802	0.501566081901224
1803	0.849736135476745
1804	0.971209984668706
1805	0.733833249009869
1806	0.056364926890114
1807	0.878962711807235
1808	0.207622657293572
1809	0.874499040891143
1810	0.853854224662041
1811	0.818202658238506
1812	0.332177523204486
1813	0.132246422268241
1814	0.497954740814011
1815	0.344890217513318
1816	0.159425394781186
1817	0.308220427722651
1818	0.607111439519655
1819	0.098769717911861
1820	0.796922526537385
1821	0.610722762213306
1822	0.836822113409166
1823	0.578143963256027
1824	0.755016731118262
1825	0.412969731860163
1826	0.414650374283777
1827	0.877505253526632
1828	0.889041639249960
1829	0.123817082937439
1830	0.559381218236705
1831	0.995995118143443
1832	0.582196227770210
1833	0.014586886775064
1834	0.348765762053221
1835	0.516672343359105
1836	0.378793244003486
1837	0.402659398779975
1838	0.817690927393594
1839	0.385451217965531
1840	0.579154224506459
1841	0.410288566334465
1842	0.569280077612428
1843	0.240122179087947
1844	0.130511277621261
1845	0.782619401933961
1846	0.492144770438470
1847	0.403860304309373
1848	0.775339584046686
1849	0.215668629681465
1850	0.066426578474116
1851	0.633468178375292
1852	0.006075145155397
1853	0.859935433988850
1854	0.060104789695126
1855	0.486980409265765
1856	0.288514615134233
1857	0.331069886631276
1858	0.190370963528484
1859	0.548767487480681
1860	0.967566140141125
1861	0.094232658781068
1862	0.904334714502976
1863	0.072905632041108
1864	0.431017710672950
1865	0.311875074047504
1866	0.025896289390442
1867	0.669906467206084
1868	0.771680548020062
1869	0.164932573042753
1870	0.320051143830311
1871	0.785794022352137
1872	0.884765453740730
1873	0.316314813830511
1874	0.403876382188810
1875	0.868060690680580
1876	0.137643996414076
1877	0.412499124732406
1878	0.712335222381973
1879	0.906668014769557
1880	0.405059071597914
1881	0.161830675776655
1882	0.258549350220024
1883	0.720424158652344
1884	0.324519532787166
1885	0.285077612875469
1886	0.809407201655026
1887	0.991232811564271
1888	0.433935610138784
1889	0.882378253195737
1890	0.796640570669592
1891	0.465261172284074
1892	0.416316216645327
1893	0.290838981122573
1894	0.157175462483619
1895	0.067591803984228
1896	0.948612646005580
1897	0.911233161842422
1898	0.013110671883358
1899	0.733985053844910
1900	0.197178508456712
1901	0.951843818212286
1902	0.541148912685398
1903	0.077949183695404
1904	0.708288461379330
1905	0.127373546893612
1906	0.804471890634667
1907	0.831163460454580
1908	0.297781420422743
1909	0.213285428877300
1910	0.303729901081888
1911	0.936933007581927
1912	0.362613524800945
1913	0.890216651389519
1914	0.319318994446407
1915	0.065236860642439
1916	0.704218823792259
1917	0.155871764664656
1918	0.893702437609540
1919	0.264731532879391
1920	0.948148516000493
1921	0.556523853510513
1922	0.539854885530490
1923	0.119823039490737
1924	0.386637079594094
1925	0.973600720809956
1926	0.602864099293038
1927	0.699779854401362
1928	0.931869398344126
1929	0.614232811122174
1930	0.626791411836212
1931	0.889619942422253
1932	0.606671571976822
1933	0.120992737644146
1934	0.799064080584528
1935	0.285215751979682
1936	0.352716821101714
1937	0.629878081563797
1938	0.438553221617921
1939	0.391890821350235
1940	0.319380636697923
1941	0.899825461273071
1942	0.418920751109133
1943	0.682542205110241
1944	0.994588116435722
1945	0.910136233227518
1946	0.601030954579448
1947	0.797552341463214
1948	0.076107572424406
1949	0.931919859941055
1950	0.541635516496153
1951	0.661215872143942
1952	0.463419622765736
1953	0.192481817225973
1954	0.834401652922115
1955	0.557737979289809
1956	0.872184841022939
1957	0.311297588566610
1958	0.671952940660775
1959	0.668084878788308
1960	0.290770273371638
1961	0.762309964910296
1962	0.803806091259372
1963	0.822470695906759
1964	0.303642438002732
1965	0.070966965607111
1966	0.748957251067829
1967	0.467560810850513
1968	0.527094115851371
1969	0.563345103930583
1970	0.147843179152999
1971	0.135070127908112
1972	0.415021854484771
1973	0.224985004322690
1974	0.504762797689762
1975	0.751420867633171
1976	0.174691284010759
1977	0.840570997004349
1978	0.171473413388184
1979	0.580051914619665
1980	0.983400009739654
1981	0.321640663793925
1982	0.186196202627239
1983	0.912864613896568
1984	0.688704852182448
1985	0.527655227785836
1986	0.520746163417375
1987	0.492534517236078
1988	0.431392151709890
1989	0.784681999351227
1990	0.800193218867126
1991	0.122836708449889
1992	0.516948424416470
1993	0.559122130769705
1994	0.271031544078295
1995	0.447021527121040
1996	0.051088896964518
1997	0.070638314740273
1998	0.071902511710543
1999	0.056876166673748
2000	0.330903518634947
2001	0.040433324114865
2002	0.884807358142207
2003	0.404787176366909
2004	0.817099044955927
2005	0.449974050909525
2006	0.465635273138329
2007	0.328997223293261
2008	0.403554679239968
2009	0.515847979967477
2010	0.579934839027585
2011	0.381431885517811
2012	0.379782166133186
2013	0.522971002681234
2014	0.536950705939520
2015	0.653649487771683
2016	0.079089505608801
2017	0.411362759020566
2018	0.610531951122160
2019	0.280991828183610
2020	0.667940507438893
2021	0.250338572305835
2022	0.808970821181170
2023	0.036884071298044
2024	0.321654125853739
2025	0.318452016384804
2026	0.830317427137460
2027	0.420347695424346
2028	0.717555151792023
2029	0.629615518804566
2030	0.923738235949687
2031	0.834216812901110
2032	0.004413993905412
2033	0.333823894051252
2034	0.132349822009598
2035	0.454738475528379
2036	0.054315029960674
2037	0.126449329077934
2038	0.293662197574335
2039	0.331984160130485
2040	0.730425522055903
2041	0.758430840239351
2042	0.995683867545632
2043	0.812792998331477
2044	0.743946776588983
2045	0.728221282191002
2046	0.181615855572195
2047	0.051667823938877
2048	0.649927833704925
2049	0.751526521715845
2050	0.892507741594635
2051	0.720997515504953
2052	0.701787433989705
2053	0.997081966363311
2054	0.877574311794086
2055	0.696915796494012
2056	0.367658328980160
2057	0.973465583350101
2058	0.934705467880743
2059	0.639061419303554
2060	0.811969849485816
2061	0.499562262093615
2062	0.253411347660081
2063	0.215323617036304
2064	0.119493937872500
2065	0.704997545662664
2066	0.025142051858436
2067	0.851418210234145
2068	0.514513033750820
2069	0.132604588944973
2070	0.638933850952051
2071	0.504079805317324
2072	0.751142185700483
2073	0.177238682398600
2074	0.562861797566980
2075	0.789298421089313
2076	0.370092125044659
2077	0.926575900973355
2078	0.982457260718796
2079	0.188908774019459
2080	0.318321011063183
2081	0.160492777551146
2082	0.468800766498676
2083	0.631553244875566
2084	0.470387213236940
2085	0.192813775461393
2086	0.283463252704808
2087	0.921683150450214
2088	0.064144880931664
2089	0.070838575854748
2090	0.806737923339468
2091	0.492965553815051
2092	0.115715154399043
2093	0.861179930444848
2094	0.768468515794466
2095	0.921838073857900
2096	0.746850100411455
2097	0.266816466480960
2098	0.198723246400383
2099	0.141414766996646
2100	0.164515171088951
2101	0.050160145593696
2102	0.584820033174705
2103	0.656763635648746
2104	0.936815552650863
2105	0.255355886852414
2106	0.965014036991428
2107	0.810961019322453
2108	0.751337255008855
2109	0.126962794636933
2110	0.387371592013398
2111	0.762787455264412
2112	0.329515909567119
2113	0.145620392369567
2114	0.073714816838416
2115	0.879428549660816
2116	0.004173611506075
2117	0.390472719830440
2118	0.096875451244207
2119	0.133708991429209
2120	0.864855646025097
2121	0.880411261585499
2122	0.876007447212250
2123	0.483322937114650
2124	0.509642329585615
2125	0.815340165598947
2126	0.382146000251802
2127	0.488676766385202
2128	0.689220370616067
2129	0.215400497990978
2130	0.361132919352409
2131	0.991346326104238
2132	0.525135834258294
2133	0.902220625912121
2134	0.893287335404378
2135	0.903998662620132
2136	0.132170738773360
2137	0.196536395083293
2138	0.169693227843803
2139	0.442134974080965
2140	0.837685358986607
2141	0.389304138549759
2142	0.247015725341677
2143	0.598130095438757
2144	0.510576280305665
2145	0.616622546211771
2146	0.418859230960899
2147	0.791314230062438
2148	0.356616410973131
2149	0.851453177731730
2150	0.978022589471335
2151	0.930697936960748
2152	0.124590294318314
2153	0.021637483283053
2154	0.532001627438240
2155	0.026847499674653
2156	0.827918504812790
2157	0.114787426962998
2158	0.478992283790957
2159	0.289283783559988
2160	0.700222965704625
2161	0.397219091438525
2162	0.675675544916654
2163	0.116590696572887
2164	0.588100775596560
2165	0.054122536235265
2166	0.417173584010536
2167	0.531783471297003
2168	0.423512798520557
2169	0.982173172059982
2170	0.085950170708891
2171	0.292999597197624
2172	0.245247997764297
2173	0.732433413188436
2174	0.887095016496208
2175	0.438187624767286
2176	0.390885163806193
2177	0.644783178316933
2178	0.241945433899156
2179	0.388484968209234
2180	0.895772372635352
2181	0.418743652601255
2182	0.157106667474641
2183	0.090119480050408
2184	0.119619562907548
2185	0.139318598050845
2186	0.236818541819749
2187	0.515684986071994
2188	0.544458561329700
2189	0.343445923766165
2190	0.088611586283322
2191	0.308251711708189
2192	0.188376274820392
2193	0.726330033932874
2194	0.744667143359319
2195	0.376761866034871
2196	0.253820156042869
2197	0.383821999919910
2198	0.774360578231709
2199	0.373567524172460
2200	0.480243398606867
2201	0.193197530542106
2202	0.430996720823251
2203	0.527152258496859
2204	0.660571113752201
2205	0.784577329911208
2206	0.011871982370470
2207	0.379251116442826
2208	0.827397113544357
2209	0.452497878234033
2210	0.415064073249805
2211	0.615966666521999
2212	0.564222729883041
2213	0.975885334492782
2214	0.897342997726685
2215	0.278486172610060
2216	0.796857823376400
2217	0.921854939444148
2218	0.155447037426739
2219	0.443786890566692
2220	0.488533322737649
2221	0.972942557362606
2222	0.587606473780201
2223	0.375918149072533
2224	0.815545414229811
2225	0.292725928920339
2226	0.874854272278642
2227	0.547451400264100
2228	0.303574193947603
2229	0.274931109125927
2230	0.019370309507222
2231	0.827992775415815
2232	0.570556792963686
2233	0.319766237890308
2234	0.949576447402990
2235	0.244095602294311
2236	0.617885501098339
2237	0.801601887074685
2238	0.623862909762981
2239	0.020323152076590
2240	0.769182578779132
2241	0.078671703626248
2242	0.884759997200406
2243	0.760538769524055
2244	0.008716689989599
2245	0.886829373744667
2246	0.559870225130067
2247	0.187639785520701
2248	0.045625288194839
2249	0.535339175678226
2250	0.816813197199759
2251	0.019657896812481
2252	0.811314972214009
2253	0.626804908820928
2254	0.916815800837865
2255	0.192663150331006
2256	0.098477028935951
2257	0.073623128667834
2258	0.148399916830044
2259	0.932259320369595
2260	0.332149019339226
2261	0.608302597895251
2262	0.954774834999733
2263	0.391397014949606
2264	0.628547738968550
2265	0.024320617154154
2266	0.279578426623802
2267	0.681326484615912
2268	0.534751150606985
2269	0.205881463372402
2270	0.554528242613725
2271	0.233074930450443
2272	0.264426306101060
2273	0.683297914712702
2274	0.868064000816505
2275	0.943416486159583
2276	0.053299835308066
2277	0.672412703670758
2278	0.065855750333340
2279	0.399493684003271
2280	0.693543429272698
2281	0.111684571709173
2282	0.235713962763046
2283	0.390218777442823
2284	0.784390341531407
2285	0.006023766646642
2286	0.049425193343730
2287	0.274998325305795
2288	0.079525439895730
2289	0.003863631175150
2290	0.825554737813767
2291	0.930146765797356
2292	0.273646371977116
2293	0.880650064430952
2294	0.291042127895847
2295	0.327210868650876
2296	0.562084047404320
2297	0.677378028802629
2298	0.598418840340540
2299	0.762932251611479
2300	0.153528075801279
2301	0.786246567505564
2302	0.545044724221565
2303	0.652204278736214
2304	0.398866942377186
2305	0.391862247870666
2306	0.954931247378190
2307	0.657326287730597
2308	0.880369011867550
2309	0.400051049211386
2310	0.209415573137964
2311	0.524333274800854
2312	0.492406545634253
2313	0.787602422593857
2314	0.628082364276630
2315	0.044458048249108
2316	0.381214563330654
2317	0.118043777333331
2318	0.576543488652253
2319	0.902493499325021
2320	0.696494959074301
2321	0.356123902854640
2322	0.617568680030111
2323	0.740864371461781
2324	0.161701356817498
2325	0.209067352253731
2326	0.646411006443487
2327	0.771867228590634
2328	0.759565170915923
2329	0.212774763297892
2330	0.817811803076347
2331	0.424290795904690
2332	0.327294617671951
2333	0.766290731624502
2334	0.249004049899528
2335	0.507944564328367
2336	0.654564397575111
2337	0.084374224389672
2338	0.387165159624309
2339	0.978797534209037
2340	0.736095610009363
2341	0.134450133280099
2342	0.070529240793339
2343	0.311923716360192
2344	0.147014620000424
2345	0.780670065838057
2346	0.392107910301042
2347	0.450595464301767
2348	0.067013956595901
2349	0.222041491652673
2350	0.578979391861727
2351	0.843256351518514
2352	0.563467511961803
2353	0.653872978778973
2354	0.531437449017279
2355	0.169372915755146
2356	0.842629589839270
2357	0.754284820467351
2358	0.840718993833541
2359	0.735720500567508
2360	0.811483857509609
2361	0.869441869414552
2362	0.724896339637833
2363	0.584919338499361
2364	0.839743518727422
2365	0.586210827578243
2366	0.950938058970979
2367	0.946970343906942
2368	0.647271019491964
2369	0.122626486772854
2370	0.616879773868047
2371	0.596993648240656
2372	0.221176989102368
2373	0.461888155800303
2374	0.647007781152195
2375	0.982421231572539
2376	0.773166396506378
2377	0.822226865882358
2378	0.530976508414757
2379	0.880416273102314
2380	0.494041733105410
2381	0.455330008835513
2382	0.905074985321249
2383	0.484770916287082
2384	0.077212523555900
2385	0.117096790082571
2386	0.947279348178246
2387	0.181839353528630
2388	0.307708872647294
2389	0.900634868828153
2390	0.543541828246016
2391	0.070893305179792
2392	0.102341897600009
2393	0.136739529799608
2394	0.565138282986407
2395	0.377924066049213
2396	0.535055593066773
2397	0.052410734129613
2398	0.512133517140718
2399	0.795669861490016
2400	0.398022590689479
2401	0.414569159691092
2402	0.065616235200158
2403	0.229696503523620
2404	0.281184473366750
2405	0.538987305135775
2406	0.402979060586871
2407	0.626629308224255
2408	0.043806477395458
2409	0.761894921197340
2410	0.998177599661107
2411	0.649565059280475
2412	0.078113369287915
2413	0.840330125536598
2414	0.477957854082368
2415	0.367623229708376
2416	0.664810742473931
2417	0.119305202364848
2418	0.171812947126174
2419	0.057557816687918
2420	0.976778773960338
2421	0.148192569363458
2422	0.144857676613121
2423	0.650237932285663
2424	0.696452465835051
2425	0.300431997380479
2426	0.651213837841161
2427	0.327468104844797
2428	0.019942506412323
2429	0.742516465156055
2430	0.993796534051363
2431	0.255145398407564
2432	0.973732774939865
2433	0.949990473173033
2434	0.019566188248161
2435	0.102639468688389
2436	0.331783452711696
2437	0.020637386384163
2438	0.380554592010101
2439	0.249498370928811
2440	0.752206617750761
2441	0.428355519157398
2442	0.278224322451506
2443	0.930007607674556
2444	0.110940328914958
2445	0.355322374727874
2446	0.889781728727610
2447	0.772807208131233
2448	0.963044148576714
2449	0.831060058756845
2450	0.898329541319536
2451	0.909247201149665
2452	0.277864572770167
2453	0.615928070337078
2454	0.533487957846211
2455	0.158059038523430
2456	0.072342399432336
2457	0.868574714953813
2458	0.592875818257415
2459	0.458889501396564
2460	0.239954612559205
2461	0.873803081402015
2462	0.477801138819727
2463	0.791729736085344
2464	0.840236509110061
2465	0.619293563801551
2466	0.202081902997582
2467	0.708928999389209
2468	0.017321252392347
2469	0.278491814619648
2470	0.302372453325413
2471	0.781179399891699
2472	0.473003360821312
2473	0.128649240496300
2474	0.406093366531387
2475	0.898575184007193
2476	0.003877144935963
2477	0.859697585062657
2478	0.329882682075103
2479	0.220283052621213
2480	0.234147057936521
2481	0.065353890790222
2482	0.995350915284718
2483	0.591888836135859
2484	0.923989229538251
2485	0.602612885093229
2486	0.612223796314455
2487	0.968747372406109
2488	0.160456483326396
2489	0.419380465489540
2490	0.479090162682461
2491	0.051979267383441
2492	0.905573241975472
2493	0.964229813385904
2494	0.769908172213399
2495	0.048144031529037
2496	0.576719324777499
2497	0.484440847797542
2498	0.071339224218446
2499	0.629638347714378
2500	0.142282366148414
2501	0.900239615959711
2502	0.881830002636376
2503	0.209388480627293
2504	0.898421810006790
2505	0.241392989501469
2506	0.642060380511662
2507	0.697836327020552
2508	0.455259030778337
2509	0.283916088738710
2510	0.091777342617033
2511	0.872902323846856
2512	0.348172226254702
2513	0.604001250112574
2514	0.662781669380092
2515	0.832933556082120
2516	0.952234666048862
2517	0.137158807802417
2518	0.843218902202143
2519	0.402554263791069
2520	0.502091985096323
2521	0.316741373093327
2522	0.951315492376918
2523	0.869241875022048
2524	0.054444176141441
2525	0.377844248350623
2526	0.339244683447021
2527	0.440133167831792
2528	0.888715847901016
2529	0.745964850841758
2530	0.110816644520980
2531	0.385263640202900
2532	0.526071813307604
2533	0.448075646595768
2534	0.301488568145203
2535	0.115454577898897
2536	0.991639839318292
2537	0.975837406321321
2538	0.500716602361776
2539	0.512866178516446
2540	0.034038693157768
2541	0.861009310584314
2542	0.955183746814457
2543	0.200438404876374
2544	0.904134956222699
2545	0.205512313933225
2546	0.252105440540125
2547	0.601771296633418
2548	0.227770582845519
2549	0.350549376633327
2550	0.085862548993720
2551	0.111627873441471
2552	0.729840199364921
2553	0.856243014696695
2554	0.416144828821936
2555	0.363624936032074
2556	0.257512056559213
2557	0.387738882334796
2558	0.393860668903977
2559	0.752155385715365
2560	0.843643021425294
2561	0.424505051858012
2562	0.802869501399472
2563	0.258105524053361
2564	0.732755362073384
2565	0.711012231704166
2566	0.574116695923794
2567	0.480444993717600
2568	0.844988614859189
2569	0.820570746861884
2570	0.478859931361996
2571	0.609745832483053
2572	0.780270359770824
2573	0.004868672802674
2574	0.132277451412977
2575	0.991419694557271
2576	0.556453690370881
2577	0.776661073609916
2578	0.160667435994416
2579	0.972569302073343
2580	0.516470398057755
2581	0.819463624819933
2582	0.757568358471795
2583	0.642487252037578
2584	0.811414980582314
2585	0.048381908182230
2586	0.416798450809691
2587	0.746091451637636
2588	0.375784635145416
2589	0.288565732730108
2590	0.977096395136225
2591	0.237552187353140
2592	0.474593646486682
2593	0.805959319598887
2594	0.523936717715613
2595	0.541717739683948
2596	0.509840891755164
2597	0.706471493827376
2598	0.914025898170514
2599	0.063952456475477
2600	0.616062372033981
2601	0.008463239142802
2602	0.632302844612577
2603	0.703353470421657
2604	0.999382465994239
2605	0.180307457003903
2606	0.621661431102915
2607	0.447844796581345
2608	0.568084820115842
2609	0.360420046952085
2610	0.941531578610999
2611	0.126276739249319
2612	0.815215243473139
2613	0.401496143866758
2614	0.224843142769833
2615	0.418103254600473
2616	0.073625049611060
2617	0.457848087391004
2618	0.494274386928385
2619	0.446780128067790
2620	0.107326785444287
2621	0.441705775854318
2622	0.407689823506488
2623	0.690631378439731
2624	0.360557977610231
2625	0.551600830823898
2626	0.843604506393859
2627	0.194741479359241
2628	0.661103523118213
2629	0.570956552517766
2630	0.800010966828950
2631	0.010180021706528
2632	0.537375124478602
2633	0.202496677659217
2634	0.928403849087339
2635	0.170962141698267
2636	0.372538419338736
2637	0.105258167702335
2638	0.648540182315379
2639	0.943060973179560
2640	0.015757294244592
2641	0.049794502902973
2642	0.987477781168499
2643	0.992985883537719
2644	0.871253219009132
2645	0.921131996657944
2646	0.373607139552272
2647	0.734075949911618
2648	0.568717937224319
2649	0.479137114937864
2650	0.081976642213569
2651	0.246912436098289
2652	0.444403998918469
2653	0.330154380512885
2654	0.509927966260218
2655	0.513363520930981
2656	0.745698469013078
2657	0.401186521080424
2658	0.622645928867882
2659	0.818934179472140
2660	0.816789206559368
2661	0.852701714632878
2662	0.052180617609457
2663	0.737723510856652
2664	0.233459576887069
2665	0.837112445231573
2666	0.769006014588218
2667	0.427725808249432
2668	0.595435517568419
2669	0.706452394375180
2670	0.443269712589008
2671	0.033003892463009
2672	0.662066379603781
2673	0.029009708195856
2674	0.852137714968630
2675	0.094098600382220
2676	0.307026463602149
2677	0.592715543429654
2678	0.189114981027407
2679	0.405403947489882
2680	0.008970292915115
2681	0.584951188311011
2682	0.960502601917133
2683	0.869073619494278
2684	0.179027576822174
2685	0.532969184206425
2686	0.565077223729536
2687	0.772687859646767
2688	0.977452004928662
2689	0.847527430610497
2690	0.978810900668176
2691	0.833497711838170
2692	0.196203327053715
2693	0.871775357259176
2694	0.393263409957360
2695	0.314608275120573
2696	0.082513648103393
2697	0.144242274537662
2698	0.127822277735496
2699	0.743476753340716
2700	0.395853678466439
2701	0.425716776167803
2702	0.833994284499302
2703	0.704460587399709
2704	0.407326895138316
2705	0.206287249563003
2706	0.294246414352333
2707	0.285477354427625
2708	0.939767446755717
2709	0.148949988533840
2710	0.650816023338710
2711	0.917118314445859
2712	0.758170657575447
2713	0.374240333758051
2714	0.219560607966303
2715	0.103752210453434
2716	0.203814234555454
2717	0.522051568855988
2718	0.861563310007838
2719	0.419089987309601
2720	0.993836165505268
2721	0.292107104648728
2722	0.395467856225003
2723	0.845778449412004
2724	0.846806665133396
2725	0.103014034118390
2726	0.838257979850605
2727	0.517529830442801
2728	0.608899811696615
2729	0.596797033420016
2730	0.972905226355818
2731	0.121073360547146
2732	0.544344603650573
2733	0.108238874706982
2734	0.751449138436463
2735	0.395793991965615
2736	0.241274138352424
2737	0.564095857371770
2738	0.184118452257546
2739	0.316827615111325
2740	0.445898996206435
2741	0.879946883452346
2742	0.669321179316143
2743	0.118957630662870
2744	0.774005011201024
2745	0.172729889356438
2746	0.555028266039211
2747	0.162072239735239
2748	0.979763397133078
2749	0.010967458036949
2750	0.017845601182526
2751	0.560489955102420
2752	0.023122377897646
2753	0.088668982258289
2754	0.317523384486954
2755	0.808104560445152
2756	0.204919860443577
2757	0.664157618443822
2758	0.394921514714654
2759	0.038811478857060
2760	0.293077772079481
2761	0.450390148414648
2762	0.699825293709119
2763	0.009619934158432
2764	0.663348486271447
2765	0.288978837703900
2766	0.390060979132255
2767	0.960247680540878
2768	0.217601500991934
2769	0.656091251238230
2770	0.029044172713706
2771	0.850629086165126
2772	0.842296644040159
2773	0.017689420301603
2774	0.975949529085248
2775	0.485475792353344
2776	0.147460129259790
2777	0.596491970592086
2778	0.917418099031365
2779	0.161197618223065
2780	0.406869507928652
2781	0.081568982907173
2782	0.725791726573197
2783	0.628793416100767
2784	0.333013707937491
2785	0.518568176465235
2786	0.388922503917722
2787	0.347932069004095
2788	0.415918907430727
2789	0.107585350836512
2790	0.191324627643344
2791	0.368962500994151
2792	0.622549209559593
2793	0.820737182838247
2794	0.429660972694612
2795	0.999954075803673
2796	0.075078382744914
2797	0.708621003549374
2798	0.051436355110658
2799	0.375622761529406
2800	0.081448703962777
2801	0.233543044535653
2802	0.605011769903364
2803	0.242668792700558
2804	0.374338317967585
2805	0.790220999526111
2806	0.611605768787275
2807	0.263384438096553
2808	0.704386981352719
2809	0.166492307450229
2810	0.521832664332534
2811	0.412340460554694
2812	0.686464369006409
2813	0.444104117042983
2814	0.335312742873790
2815	0.808460158040150
2816	0.659594017204718
2817	0.364964767815576
2818	0.728212832496579
2819	0.789354596511100
2820	0.790842458491094
2821	0.669340791138752
2822	0.869238466670927
2823	0.837256638164158
2824	0.288148141752935
2825	0.187095286670169
2826	0.531052198516988
2827	0.510141960870933
2828	0.564689025695727
2829	0.702745769093273
2830	0.422661183029269
2831	0.384952008529945
2832	0.092440042256693
2833	0.694406535761466
2834	0.160184027924109
2835	0.632444254774861
2836	0.977605921820752
2837	0.901680658223583
2838	0.704261450494477
2839	0.191684129995481
2840	0.104084314739513
2841	0.256508407155710
2842	0.233039294060554
2843	0.982275234852461
2844	0.905866269350388
2845	0.940775305597578
2846	0.176321865876828
2847	0.736636756875642
2848	0.526714201862415
2849	0.590483984874654
2850	0.361692178112754
2851	0.848468655753277
2852	0.202517257013048
2853	0.384772051802657
2854	0.866785269079360
2855	0.075681384509394
2856	0.701000865853295
2857	0.891296505596179
2858	0.836381786261874
2859	0.115562668107635
2860	0.792191912908660
2861	0.679972463510928
2862	0.573067171425360
2863	0.433503953043195
2864	0.565967976820666
2865	0.679843526665248
2866	0.755365648023872
2867	0.801576853418247
2868	0.055708227830066
2869	0.394859495726154
2870	0.731386933441516
2871	0.223623717044800
2872	0.248010733754589
2873	0.670436542377931
2874	0.950593567976093
2875	0.182756840198559
2876	0.871057198463595
2877	0.634726933881639
2878	0.373988640560017
2879	0.459255885419832
2880	0.055572422020703
2881	0.061833046752082
2882	0.498865914363719
2883	0.729093886708144
2884	0.310105474941978
2885	0.852057100769267
2886	0.394687768049760
2887	0.098291616247335
2888	0.931620167634593
2889	0.708427905208462
2890	0.213448101411408
2891	0.299798513298977
2892	0.826192239904819
2893	0.545132064483892
2894	0.049867182769113
2895	0.301995321475470
2896	0.344325503925450
2897	0.251468539371275
2898	0.078300578174762
2899	0.689716044438507
2900	0.854531886921158
2901	0.439532505162912
2902	0.052208644844092
2903	0.522868742312811
2904	0.604315768051966
2905	0.630809324249403
2906	0.785218399465612
2907	0.475171542575908
2908	0.806718541139696
2909	0.654436547116694
2910	0.045194121942061
2911	0.371653320928889
2912	0.495383082324654
2913	0.859947307528245
2914	0.136710256273730
2915	0.048372084133270
2916	0.635380993083524
2917	0.606816692511532
2918	0.430854308832772
2919	0.932157393147043
2920	0.164685008565694
2921	0.584406460541087
2922	0.242716736590409
2923	0.774249242664859
2924	0.146220280736303
2925	0.527541228806416
2926	0.820854826816967
2927	0.097395198087083
2928	0.018616322358101
2929	0.766710601796294
2930	0.273981474936881
2931	0.645271559174229
2932	0.176512495995744
2933	0.308962926010643
2934	0.611618692778696
2935	0.132734967027791
2936	0.152961840760298
2937	0.549207068911138
2938	0.777523135948270
2939	0.228655650277055
2940	0.967348876872079
2941	0.620979413330835
2942	0.452339059426313
2943	0.519738982980255
2944	0.072219523368733
2945	0.483801082660168
2946	0.491912168299225
2947	0.021649327901373
2948	0.398884423484804
2949	0.723854322770727
2950	0.123794115338423
2951	0.665693396410694
2952	0.571840565077661
2953	0.700700637793226
2954	0.652931743180886
2955	0.214980757811378
2956	0.404724910671476
2957	0.563051181873803
2958	0.266674442430034
2959	0.510815454944860
2960	0.434799075396740
2961	0.430683702437715
2962	0.320722276573785
2963	0.386456749101264
2964	0.702052654081741
2965	0.801595156868833
2966	0.266781735634159
2967	0.529443508711236
2968	0.399155443906728
2969	0.248393326200703
2970	0.718931106712488
2971	0.001587614900612
2972	0.337835532006353
2973	0.634127346151524
2974	0.983170217420509
2975	0.067959070524570
2976	0.999124522491222
2977	0.662632821008253
2978	0.236959439527059
2979	0.985195076745559
2980	0.536605586624949
2981	0.596243543575559
2982	0.821800284127405
2983	0.224544082657452
2984	0.370516421201041
2985	0.815403756796841
2986	0.660169284035257
2987	0.338875461266175
2988	0.457621557039281
2989	0.279944595185351
2990	0.487361833091457
2991	0.918389339475252
2992	0.546562439146804
2993	0.953680776168327
2994	0.345637044714911
2995	0.460560050509100
2996	0.433104240239292
2997	0.041630497256504
2998	0.677808534787505
2999	0.818342232829856
3000	0.418977976224963
3001	0.659920397775676
3002	0.928107203141925
3003	0.609324818028316
3004	0.829271107096259
3005	0.635154258770494
3006	0.125240317359087
3007	0.220873814139604
3008	0.687892521823880
3009	0.204204233456549
3010	0.387156619444011
3011	0.939926415268866
3012	0.638377886202223
3013	0.162146827795279
3014	0.165596975136371
3015	0.117467832447576
3016	0.562753392820924
3017	0.519884151948852
3018	0.072493342770263
3019	0.787080443775101
3020	0.803555238495388
3021	0.297156315608170
3022	0.848287793107010
3023	0.329709945003344
3024	0.743666755258893
3025	0.241155983524886
3026	0.381243551074915
3027	0.643176032786780
3028	0.219893164874724
3029	0.414059318697035
3030	0.726841337749079
3031	0.755784258038795
3032	0.026542172661895
3033	0.683817675207791
3034	0.407894686704961
3035	0.138218059492798
3036	0.039888171081816
3037	0.411637543947510
3038	0.924757800515625
3039	0.211625442038318
3040	0.914932101684982
3041	0.732424457735316
3042	0.782862931992562
3043	0.083705643394395
3044	0.907272797324068
3045	0.927445814074099
3046	0.610816551400204
3047	0.164337203553206
3048	0.954639980129167
3049	0.234514371171815
3050	0.534342298951763
3051	0.479690730184465
3052	0.644927171767081
3053	0.002610905184629
3054	0.479352110646876
3055	0.425355423108075
3056	0.549422853046804
3057	0.219183067744331
3058	0.469327098293563
3059	0.701409359154320
3060	0.528261247701613
3061	0.659393384359585
3062	0.298909796232120
3063	0.666486891494076
3064	0.675307114117537
3065	0.135793207807052
3066	0.496296123260801
3067	0.604973898763860
3068	0.840902385047656
3069	0.260742041169516
3070	0.904440155077722
3071	0.067934126645484
3072	0.929959220901621
3073	0.818537275455857
3074	0.996145042639130
3075	0.531054690021020
3076	0.308364306027099
3077	0.174777939919936
3078	0.936355726872263
3079	0.451949163925446
3080	0.092974201921785
3081	0.221056640480450
3082	0.696326670006993
3083	0.724700965338077
3084	0.867250886570480
3085	0.627738844569892
3086	0.690631030573329
3087	0.244906704593856
3088	0.722396171452122
3089	0.056597458599133
3090	0.790660245711338
3091	0.710600644678929
3092	0.274407521329678
3093	0.739883021465117
3094	0.495927153937086
3095	0.462358021131184
3096	0.529819431333893
3097	0.596454878797558
3098	0.991600821987543
3099	0.165303489099605
3100	0.200114656094782
3101	0.439447851526812
3102	0.031729818913336
3103	0.317970756884540
3104	0.302069025877116
3105	0.461837594767449
3106	0.641272101387078
3107	0.336693934756518
3108	0.315386313645897
3109	0.163061180387413
3110	0.936984003521315
3111	0.760611452858206
3112	0.981494362207066
3113	0.007955358583133
3114	0.817047590405773
3115	0.718306791159958
3116	0.965603982027833
3117	0.284036483568547
3118	0.423091905525795
3119	0.969558547192229
3120	0.992920614165180
3121	0.469329557015910
3122	0.411121031443382
3123	0.728200114408042
3124	0.699551479698228
3125	0.380962725832538
3126	0.495414367826591
3127	0.638189507228399
3128	0.907563771306783
3129	0.236763766431912
3130	0.547357878253838
3131	0.552189605307553
3132	0.929370063020805
3133	0.416749931441946
3134	0.554412761749144
3135	0.349530772769192
3136	0.249531948658425
3137	0.497356411515216
3138	0.034177053911736
3139	0.961196395316755
3140	0.087933817161941
3141	0.996532307485635
3142	0.504369949995571
3143	0.392468825699599
3144	0.517051381728145
3145	0.294361246834453
3146	0.301601828674475
3147	0.729220128591162
3148	0.870385482887842
3149	0.495429118107550
3150	0.280316878336137
3151	0.040033655152831
3152	0.532694388098095
3153	0.360854197732760
3154	0.958323983506267
3155	0.291108496190044
3156	0.540349699567673
3157	0.662282263514173
3158	0.048200592056987
3159	0.866097628158760
3160	0.403885670642925
3161	0.207187834108463
3162	0.295466466465978
3163	0.297954800741187
3164	0.679389088002952
3165	0.679114908192279
3166	0.911025318554885
3167	0.858963891894624
3168	0.094612245783448
3169	0.180572423358817
3170	0.018166346403583
3171	0.755013928894195
3172	0.168140909927435
3173	0.736796174554456
3174	0.293981426170780
3175	0.464018880686877
3176	0.054066123650013
3177	0.011251624852601
3178	0.251416917393428
3179	0.768236694090182
3180	0.631064562042603
3181	0.777663475636576
3182	0.555529383154992
3183	0.255177336503344
3184	0.043829814760731
3185	0.973999710464670
3186	0.016060005789216
3187	0.159928065802230
3188	0.043181768391456
3189	0.311153346262280
3190	0.287843922471173
3191	0.306856046605953
3192	0.637886960542830
3193	0.726999075403631
3194	0.201343073157010
3195	0.186938781932464
3196	0.114582270699140
3197	0.241012165498122
3198	0.383618566055662
3199	0.404730643618308
3200	0.807770439654772
3201	0.843603642050441
3202	0.940372756443488
3203	0.848471520062667
3204	0.996764433221213
3205	0.006275167629168
3206	0.997889139227919
3207	0.920968137375356
3208	0.806428432767761
3209	0.639627877926147
3210	0.931880948030325
3211	0.622354687967047
3212	0.529061021549765
3213	0.395964011892033
3214	0.812939582609373
3215	0.485110412034340
3216	0.115947329835700
3217	0.515666934229944
3218	0.058088449512484
3219	0.725163793686071
3220	0.669377335346049
3221	0.935336596980253
3222	0.004605403162590
3223	0.696388632938925
3224	0.928663674930180
3225	0.900983170949071
3226	0.558941042196580
3227	0.164520970953524
3228	0.709052857281830
3229	0.971896975134826
3230	0.465573058764053
3231	0.489921115418712
3232	0.182056009969702
3233	0.593797509738157
3234	0.637465888581136
3235	0.223165261803817
3236	0.424084299502641
3237	0.003593617571828
3238	0.055248282678285
3239	0.683930219438664
3240	0.431234356526456
3241	0.559166834234163
3242	0.164488953114132
3243	0.603643897497825
3244	0.819869488341190
3245	0.191339086016323
3246	0.308614500857026
3247	0.688161340536592
3248	0.903617839059477
3249	0.589655023816586
3250	0.480205034065284
3251	0.574525853835091
3252	0.498617713076465
3253	0.503422217646019
3254	0.464077577663124
3255	0.831790209746453
3256	0.141156756964986
3257	0.049101362568680
3258	0.886511832840116
3259	0.360117934633347
3260	0.246726805272769
3261	0.005655583096160
3262	0.582235573596058
3263	0.312620653769426
3264	0.092130302478587
3265	0.483490177783071
3266	0.635374406069240
3267	0.528867505028022
3268	0.373620621865082
3269	0.935867647260618
3270	0.237398031829043
3271	0.786821928193325
3272	0.093939799942241
3273	0.797206399881832
3274	0.598027615570717
3275	0.935936894250152
3276	0.329651729540109
3277	0.635233895011844
3278	0.569914790063107
3279	0.075112933621592
3280	0.150884934953407
3281	0.296038582636877
3282	0.484330111310521
3283	0.834132125402029
3284	0.577638270579185
3285	0.719950562262449
3286	0.981911076383422
3287	0.977441060469990
3288	0.246572032126986
3289	0.480078669251428
3290	0.927083920962000
3291	0.573811294587380
3292	0.319882934746963
3293	0.863307629558958
3294	0.876205674315613
3295	0.546397649460810
3296	0.688313273616249
3297	0.745599006068467
3298	0.883127561790731
3299	0.542565118213893
3300	0.021899499377797
3301	0.967212356290741
3302	0.296956467393548
3303	0.418222429739769
3304	0.840690421026347
3305	0.634628085592714
3306	0.712782227511821
3307	0.127185559741142
3308	0.831275065441298
3309	0.184491466781964
3310	0.647467490435453
3311	0.620725837893186
3312	0.749355833945269
3313	0.081699777257250
3314	0.336066231376559
3315	0.170187969944283
3316	0.414108721278761
3317	0.154747242084595
3318	0.495999875873378
3319	0.204098615637280
3320	0.575089154401021
3321	0.478450786291899
3322	0.239981829539493
3323	0.376751132674241
3324	0.292969525738270
3325	0.430641794424931
3326	0.221916796337130
3327	0.233960044182349
3328	0.980040241595691
3329	0.305667334089436
3330	0.131293039313935
3331	0.815565322201929
3332	0.846909629215431
3333	0.108180009075120
3334	0.296733075726882
3335	0.706881086912253
3336	0.942219786299531
3337	0.561381141861247
3338	0.503035685090459
3339	0.641661188402576
3340	0.735951958935120
3341	0.822254234694996
3342	0.885832646855360
3343	0.624495827018941
3344	0.689862224689503
3345	0.681857159227982
3346	0.284456917329752
3347	0.600074718424977
3348	0.120220283837160
3349	0.501442467026858
3350	0.542693463210353
3351	0.312050742926267
3352	0.511360568590621
3353	0.894952671304188
3354	0.577572128119614
3355	0.162224976212133
3356	0.472315744352891
3357	0.979879430299326
3358	0.615506250876923
3359	0.926470569518036
3360	0.725206033675834
3361	0.374453421075047
3362	0.668282386783174
3363	0.867834972876712
3364	0.037841584870275
3365	0.124966428113923
3366	0.477591043148075
3367	0.830020986790494
3368	0.903249779533114
3369	0.463119708613739
3370	0.985283814687352
3371	0.036324330043356
3372	0.511833471457430
3373	0.222525939508380
3374	0.560960737281036
3375	0.429382487671650
3376	0.412761030386526
3377	0.182226048733097
3378	0.829252861483942
3379	0.732483036546142
3380	0.189155099323627
3381	0.855508978041706
3382	0.209968315737331
3383	0.729871022197469
3384	0.660171619007294
3385	0.735963136958637
3386	0.818673326052102
3387	0.970944825290559
3388	0.882189367561743
3389	0.370821101007740
3390	0.018664398010688
3391	0.145156945365147
3392	0.634198334610796
3393	0.665581313956105
3394	0.452702831486924
3395	0.970704036150431
3396	0.270751640586599
3397	0.752297521386171
3398	0.552797702352549
3399	0.403591526079706
3400	0.338596739208043
3401	0.987836001058411
3402	0.429352083547838
3403	0.036316362463706
3404	0.874617005394876
3405	0.435796768546235
3406	0.987392662075604
3407	0.550685704963018
3408	0.465494612908004
3409	0.064857613784441
3410	0.447834625867192
3411	0.233483666629941
3412	0.180650414948296
3413	0.953286836702651
3414	0.624056367682456
3415	0.613617617957192
3416	0.322962985442787
3417	0.965397255263749
3418	0.649658675021933
3419	0.444766220748960
3420	0.389994056365694
3421	0.715804757010373
3422	0.782224232474968
3423	0.000921538291758
3424	0.056407129657763
3425	0.266726003450838
3426	0.120734954444305
3427	0.961962532814118
3428	0.080961333068129
3429	0.930837727621484
3430	0.786071099242260
3431	0.997739243823390
3432	0.174073015591253
3433	0.926936848395828
3434	0.797602331056363
3435	0.018595668158178
3436	0.384480920313333
3437	0.679382806867370
3438	0.264487662518949
3439	0.271520880369999
3440	0.807475776200726
3441	0.071521079251031
3442	0.396842235493298
3443	0.033876711390833
3444	0.128886392622053
3445	0.091046743177566
3446	0.745720258401811
3447	0.215814939356063
3448	0.949285308410204
3449	0.389648734694019
3450	0.515044829193207
3451	0.968518035061853
3452	0.031586093935435
3453	0.487109237955462
3454	0.474751027809529
3455	0.517782345839906
3456	0.993794398505865
3457	0.143994697887773
3458	0.862512987328858
3459	0.967624124338999
3460	0.460358669672693
3461	0.025152108393877
3462	0.450633363138911
3463	0.877154052393484
3464	0.260478725688501
3465	0.753629595439241
3466	0.637186914156751
3467	0.534433048752761
3468	0.522940499023822
3469	0.814141360349311
3470	0.409180105438078
3471	0.360171297018711
3472	0.349409613229804
3473	0.082100795370393
3474	0.774430108241960
3475	0.296579649318876
3476	0.483273903769021
3477	0.329005110540413
3478	0.231013684799290
3479	0.870651853489567
3480	0.606019524756920
3481	0.565825791750919
3482	0.800970476948618
3483	0.553184465816975
3484	0.581991649684861
3485	0.428245336493622
3486	0.895251405457661
3487	0.973052347085054
3488	0.415743738973575
3489	0.064002198437132
3490	0.260685408359448
3491	0.070863317808220
3492	0.568067801221839
3493	0.125288758152767
3494	0.908663662390333
3495	0.697540652574906
3496	0.777537587202903
3497	0.570014930698966
3498	0.202843430504609
3499	0.133714745050407
3500	0.914887068596505
3501	0.266585677174272
3502	0.231489116763048
3503	0.732802983313108
3504	0.445958369703394
3505	0.378946893443665
3506	0.274961155234364
3507	0.989095937931894
3508	0.398186198208180
3509	0.780133277050141
3510	0.553793583260752
3511	0.847388471507726
3512	0.042185719091386
3513	0.338510381684801
3514	0.398900453780950
3515	0.576965894184448
3516	0.489226181121405
3517	0.639392542834233
3518	0.599962117015190
3519	0.607053853673421
3520	0.152325058415854
3521	0.556283062619770
3522	0.546958704541923
3523	0.043207044865540
3524	0.707200405776849
3525	0.654100927855640
3526	0.375719084580525
3527	0.549368633639320
3528	0.085491732317693
3529	0.885884273016846
3530	0.104292087889189
3531	0.962607582459798
3532	0.319850895096956
3533	0.583831459882784
3534	0.553333029569629
3535	0.783106486134087
3536	0.830942169458814
3537	0.347964686394317
3538	0.759487264160078
3539	0.459068806906747
3540	0.150051005203727
3541	0.264024967180939
3542	0.811144217547963
3543	0.819454997178101
3544	0.271344316411075
3545	0.388300704509513
3546	0.586889588956977
3547	0.775763678113823
3548	0.671681627198126
3549	0.499544995141519
3550	0.588466321293248
3551	0.487070871878833
3552	0.171093499246235
3553	0.112724066825035
3554	0.151753025239519
3555	0.735532220120030
3556	0.202610841116735
3557	0.198427957995049
3558	0.039109306908394
3559	0.495893221666942
3560	0.182341260809941
3561	0.582652784674952
3562	0.782940920538652
3563	0.429728562618027
3564	0.103494654560058
3565	0.781971923016432
3566	0.479799614926448
3567	0.248929381417099
3568	0.045713989406097
3569	0.536485491891534
3570	0.487926677431475
3571	0.053477452551870
3572	0.059227518220668
3573	0.285990241080246
3574	0.093330465464798
3575	0.710671462990755
3576	0.021318453741043
3577	0.312541991354410
3578	0.477670648924539
3579	0.902443668839130
3580	0.352012250863622
3581	0.227110251879367
3582	0.260576624625666
3583	0.579512586875226
3584	0.892716971720911
3585	0.618892407950728
3586	0.841729164040815
3587	0.066849555359203
3588	0.330694504060117
3589	0.868246656025867
3590	0.752643048717732
3591	0.600933922500803
3592	0.207920050310096
3593	0.168823356444756
3594	0.026888856288582
3595	0.548024450678601
3596	0.208427748052050
3597	0.894199008051256
3598	0.207662950817695
3599	0.385913544791965
3600	0.887595345782972
3601	0.337789690998006
3602	0.191911253501735
3603	0.673980699801127
3604	0.454696427038700
3605	0.174088504024755
3606	0.341940656727658
3607	0.116300231345375
3608	0.697794580030426
3609	0.198878901195500
3610	0.768438248576150
3611	0.160509170980713
3612	0.716005162779863
3613	0.920707500943775
3614	0.189580431624357
3615	0.256794940279042
3616	0.971283865863359
3617	0.052982607641852
3618	0.742821171137005
3619	0.681233917269088
3620	0.042766547672525
3621	0.842536498071413
3622	0.367558303852511
3623	0.004609241072990
3624	0.563787808026369
3625	0.472161600796381
3626	0.355132632762787
3627	0.552963835851295
3628	0.343817053706402
3629	0.865436612993979
3630	0.220112939062837
3631	0.518471718592369
3632	0.770423510610202
3633	0.917318809467571
3634	0.082818345195720
3635	0.289902003742188
3636	0.009007631404277
3637	0.862038357820391
3638	0.363854651968578
3639	0.411408854437528
3640	0.789707201943391
3641	0.667581662318713
3642	0.148440632746869
3643	0.805189008576794
3644	0.349668902983019
3645	0.584496713605118
3646	0.115428757161613
3647	0.879394365888541
3648	0.079459118914041
3649	0.730946466492925
3650	0.953300634103581
3651	0.689535012792165
3652	0.240793247678261
3653	0.680414613208124
3654	0.085950513239077
3655	0.763934718705391
3656	0.973600132362495
3657	0.755962601509739
3658	0.524139944419357
3659	0.542942682069191
3660	0.452179743736478
3661	0.506035940187644
3662	0.645301810704072
3663	0.623790095561531
3664	0.803125008266343
3665	0.289692940386290
3666	0.153584467379080
3667	0.194354503734271
3668	0.847633981479264
3669	0.955282249306355
3670	0.524929009419218
3671	0.487939612380825
3672	0.937407719088524
3673	0.176671103393040
3674	0.709517723608703
3675	0.291536446765762
3676	0.010137394659685
3677	0.870171777005264
3678	0.282348948785783
3679	0.783564692214198
3680	0.228833458524112
3681	0.367361772771035
3682	0.511496206515555
3683	0.912736698909470
3684	0.730086282471851
3685	0.176354636722536
3686	0.203548106793693
3687	0.814130789579471
3688	0.662102902780337
3689	0.287850384078606
3690	0.971164155074761
3691	0.392828888858511
3692	0.178516302992442
3693	0.890161635146087
3694	0.466108162932509
3695	0.980140574877188
3696	0.311817188675442
3697	0.032585418728649
3698	0.701966848572994
3699	0.482929460086117
3700	0.499846787145329
3701	0.955501889557309
3702	0.283708717227887
3703	0.370848143912330
3704	0.580786419682286
3705	0.624986536573480
3706	0.256547816949883
3707	0.913637104352281
3708	0.841571964855031
3709	0.297312171907914
3710	0.999634347263767
3711	0.650520630014532
3712	0.967146891833190
3713	0.307373924116387
3714	0.612633494252294
3715	0.910250643863885
3716	0.624710817265147
3717	0.668706618427745
3718	0.626108492141618
3719	0.581035821983351
3720	0.861570637855500
3721	0.718333174615384
3722	0.014797957658955
3723	0.610219112973636
3724	0.067156299447920
3725	0.759771482701341
3726	0.879496242686082
3727	0.905715054631953
3728	0.338959047555761
3729	0.705851616472789
3730	0.383980425891107
3731	0.794627342166460
3732	0.987021237783140
3733	0.411669529119901
3734	0.539282291561745
3735	0.229986662455416
3736	0.433590295585062
3737	0.274863340254235
3738	0.557253892245111
3739	0.071343562762826
3740	0.914936704588004
3741	0.671510072572884
3742	0.683413884295847
3743	0.971036842196815
3744	0.726317811233490
3745	0.741050216949967
3746	0.390900163342882
3747	0.948299609108241
3748	0.068195927931153
3749	0.777286654669941
3750	0.209715679833661
3751	0.512074135039760
3752	0.833972277305788
3753	0.526778655197556
3754	0.466585228521377
3755	0.017959121330085
3756	0.373522481926062
3757	0.004552493604668
3758	0.053278261606236
3759	0.624024890692189
3760	0.313580061869494
3761	0.028699050747791
3762	0.353837985611401
3763	0.093697589283226
3764	0.073796305076362
3765	0.174162496366490
3766	0.529760098213492
3767	0.909922336938511
3768	0.759264195702166
3769	0.224785301779422
3770	0.996165094102875
3771	0.836899600876046
3772	0.281012761422182
3773	0.740015669958179
3774	0.552416646368281
3775	0.300811595948976
3776	0.106160267903285
3777	0.105933053340672
3778	0.085189968106662
3779	0.395064317180113
3780	0.071366660934480
3781	0.783373716096579
3782	0.183349936497024
3783	0.663938832163351
3784	0.428396982300134
3785	0.854012905340115
3786	0.840969389414765
3787	0.416976052936021
3788	0.505911066184995
3789	0.949936626628378
3790	0.425543468894591
3791	0.320898265853202
3792	0.217895521253645
3793	0.729145328501180
3794	0.859846991511909
3795	0.456467832630506
3796	0.144025994855139
3797	0.479655144188213
3798	0.924553370309451
3799	0.378148203306283
3800	0.104402907683525
3801	0.065596611208527
3802	0.881429296278410
3803	0.983116795894812
3804	0.859108687102799
3805	0.726398054666984
3806	0.939153339672637
3807	0.406386132544499
3808	0.232115960351524
3809	0.345327996673838
3810	0.505919540538588
3811	0.930226414882640
3812	0.809383623192907
3813	0.148929945017273
3814	0.924496548441839
3815	0.231444760191114
3816	0.932773883504483
3817	0.560459801161200
3818	0.259256444513662
3819	0.551521453607737
3820	0.887520233753555
3821	0.877279168350902
3822	0.886251920328179
3823	0.679075279097645
3824	0.151396963530680
3825	0.215295355935619
3826	0.865690474240437
3827	0.933077218072990
3828	0.574439600639509
3829	0.624341756804938
3830	0.807806960611056
3831	0.444310643253364
3832	0.847705597368260
3833	0.327273618345204
3834	0.485001904360007
3835	0.740888532558493
3836	0.053360263574648
3837	0.209636851398721
3838	0.875640299253912
3839	0.387274774369511
3840	0.349690921517106
3841	0.438727163451268
3842	0.943369805367250
3843	0.132690634790200
3844	0.334799888280302
3845	0.988044605707083
3846	0.290931644288974
3847	0.664229764763740
3848	0.244964205940711
3849	0.434652601737918
3850	0.435556268263869
3851	0.011990190927214
3852	0.188518302446294
3853	0.918918980126372
3854	0.582643412379660
3855	0.281516328353417
3856	0.278940678490956
3857	0.901002424029476
3858	0.099870322888984
3859	0.455126708231419
3860	0.704423249989976
3861	0.227079104734111
3862	0.421687771098291
3863	0.918516474788627
3864	0.165109752846516
3865	0.939580764533178
3866	0.409985372171103
3867	0.588460583138217
3868	0.771705328910457
3869	0.281527099182417
3870	0.882384508138730
3871	0.845617091763262
3872	0.658698460943788
3873	0.307098754759374
3874	0.110724278582214
3875	0.240172845202300
3876	0.790917601748086
3877	0.155994453247113
3878	0.246764786152558
3879	0.533492949333579
3880	0.989586289785237
3881	0.028170326901764
3882	0.655971576134367
3883	0.010702378197011
3884	0.290472906968348
3885	0.883278656262577
3886	0.272911849551052
3887	0.823344955389235
3888	0.430302800133643
3889	0.059220871115198
3890	0.462848974698462
3891	0.617198030081658
3892	0.869444701465885
3893	0.549747145561401
3894	0.723174901811449
3895	0.183912262484777
3896	0.889841675786349
3897	0.365796889401778
3898	0.858951592023304
3899	0.777276795950107
3900	0.691458106663754
3901	0.089875778833041
3902	0.480569975474225
3903	0.294539519259321
3904	0.034519762891343
3905	0.493751052743863
3906	0.192328764893929
3907	0.429791816395567
3908	0.173381691031579
3909	0.899074951516993
3910	0.515596329167071
3911	0.072944035407187
3912	0.896278112060157
3913	0.970590379490729
3914	0.322112668616460
3915	0.730302988062246
3916	0.679491773883692
3917	0.286457620897111
3918	0.079320351455894
3919	0.033323741873784
3920	0.243097434836003
3921	0.633520063316230
3922	0.203282071182934
3923	0.016214356720926
3924	0.049159700267214
3925	0.127454295435363
3926	0.387533938865929
3927	0.959163427513374
3928	0.727356148442500
3929	0.792884180884524
3930	0.541135331860387
3931	0.118273535715305
3932	0.551315135756980
3933	0.286373923405721
3934	0.451593587148230
3935	0.497380200937011
3936	0.405765672399309
3937	0.088639608533791
3938	0.695483412588528
3939	0.501961042942088
3940	0.082746974516635
3941	0.440220428562173
3942	0.823169434787372
3943	0.275282205730128
3944	0.288077400235380
3945	0.003636034606218
3946	0.846868513077021
3947	0.506246478809004
3948	0.734544535257453
3949	0.569805135968688
3950	0.221212977691461
3951	0.133574344363355
3952	0.659536795013882
3953	0.038102648128898
3954	0.019005376767059
3955	0.313223364510722
3956	0.509319981113423
3957	0.001539553320826
3958	0.452965873153604
3959	0.521778753405022
3960	0.408369606875256
3961	0.705483647484251
3962	0.458759832895154
3963	0.597140263197906
3964	0.348538754559558
3965	0.188333615358172
3966	0.641025049616870
3967	0.189676994142508
3968	0.512744530368018
3969	0.226248091971643
3970	0.737736031658672
3971	0.240710553025737
3972	0.908722822523710
3973	0.737788709245348
3974	0.615400515420262
3975	0.068519488574373
3976	0.760502610482821
3977	0.169271286887699
3978	0.630364992459555
3979	0.520323437047573
3980	0.448987788660440
3981	0.841053957907939
3982	0.901163475254766
3983	0.624908667372915
3984	0.936405901282153
3985	0.651087644460683
3986	0.478164937342876
3987	0.298775904660996
3988	0.172252798204836
3989	0.590352902976488
3990	0.006013220681495
3991	0.831427249917259
3992	0.364035227768658
3993	0.086696908644176
3994	0.440713255158635
3995	0.710778958240890
3996	0.098438509477845
3997	0.752966141747368
3998	0.326986139467215
3999	0.892214829968479
4000	0.813131750639913
4001	0.356534597251130
4002	0.737084425168608
4003	0.039447941562651
4004	0.336564612707935
4005	0.975701442230099
4006	0.258572638961695
4007	0.779699682520050
4008	0.522348566874788
4009	0.914284197735950
4010	0.850273149454659
4011	0.311084767570750
4012	0.982209679300728
4013	0.906425707241615
4014	0.152556465003006
4015	0.993062575777949
4016	0.286511196825208
4017	0.933428854410147
4018	0.788487046609205
4019	0.350817758006816
4020	0.521207071353204
4021	0.147348360116886
4022	0.309217698987173
4023	0.700404962040073
4024	0.035747695874888
4025	0.416048001937061
4026	0.689477327414331
4027	0.893740459631865
4028	0.610857670316980
4029	0.460036887645845
4030	0.720544792732358
4031	0.909386531699276
4032	0.384376190933050
4033	0.939285952201622
4034	0.000682498814483
4035	0.270523999044927
4036	0.694012485073916
4037	0.323610182399035
4038	0.363545382576644
4039	0.402834254693366
4040	0.065162523529606
4041	0.311387626850894
4042	0.880454701739359
4043	0.723608056809515
4044	0.891245145194242
4045	0.502773086262831
4046	0.344138255552460
4047	0.357764251345881
4048	0.294493653466337
4049	0.503206187072739
4050	0.847365183341065
4051	0.397042506042106
4052	0.709150414726053
4053	0.102688606817763
4054	0.811724498228762
4055	0.792643650348307
4056	0.837825085502646
4057	0.676871286244273
4058	0.582280628925371
4059	0.502197753435310
4060	0.716173825754804
4061	0.578248119443018
4062	0.962733398554923
4063	0.444579757583988
4064	0.432935869324051
4065	0.803985820162673
4066	0.493338297278089
4067	0.361599271460868
4068	0.236122252611615
4069	0.419193991085486
4070	0.346013100878721
4071	0.773739191261902
4072	0.499532699791106
4073	0.026531329346708
4074	0.374130869551067
4075	0.069869760351698
4076	0.437293391012688
4077	0.678407259395130
4078	0.593411296961526
4079	0.095600271415038
4080	0.072402816745366
4081	0.007405871133285
4082	0.626366956036125
4083	0.354644070824135
4084	0.080639018045720
4085	0.913992540329353
4086	0.986988046196406
4087	0.612278534892945
4088	0.890567870147001
4089	0.390897106225840
4090	0.935365054306000
4091	0.995773372221480
4092	0.652182819468191
4093	0.388572988446183
4094	0.899441653740294
4095	0.214334703318703
4096	0.564622415054879
4294967295  0.0000000000000000	
